1 0.75390625 0.03671875 0.0671875 0.05625
1 0.625 0.10078125 0.0671875 0.059375
1 0.52734375 0.27109375 0.084375 0.0578125
1 0.9703125 0.51875 0.059375 0.0484375
1 0.9390625 0.625 0.059375 0.0546875
1 0.8421875 0.69140625 0.078125 0.071875
1 0.96875 0.6984375 0.0625 0.0625
1 0.909375 0.71953125 0.05625 0.046875
1 0.0203125 0.6328125 0.040625 0.0546875
1 0.06875 0.6390625 0.075 0.0484375
1 0.14375 0.72578125 0.065625 0.059375
1 0.3875 0.89921875 0.071875 0.0546875
1 0.41875 0.85546875 0.071875 0.0640625
1 0.59765625 0.6359375 0.0890625 0.0546875
1 0.32578125 0.29921875 0.084375 0.05625
1 0.2515625 0.3171875 0.0703125 0.0546875
0 0.85859375 0.74609375 0.0640625 0.0421875
0 0.91640625 0.6625 0.0625 0.046875
0 0.9546875 0.475 0.071875 0.05
0 0.55390625 0.68671875 0.096875 0.065625
0 0.15859375 0.82265625 0.078125 0.05
0 0.14296875 0.778125 0.0875 0.0609375
0 0.12421875 0.65703125 0.0640625 0.053125
0 0.315625 0.3578125 0.0703125 0.059375