1 0.74921875 0.08203125 0.0625 0.053125
1 0.628125 0.1421875 0.0625 0.05625
1 0.53671875 0.3015625 0.0796875 0.053125
1 0.95390625 0.534375 0.059375 0.0453125
1 0.92265625 0.63359375 0.05625 0.05
1 0.83203125 0.6953125 0.075 0.0671875
1 0.95078125 0.70234375 0.059375 0.05625
1 0.8953125 0.721875 0.053125 0.04375
1 0.05 0.640625 0.059375 0.05
1 0.1078125 0.646875 0.0703125 0.0453125
1 0.17734375 0.728125 0.0625 0.05625
1 0.40625 0.890625 0.06875 0.05
1 0.4359375 0.85 0.06875 0.059375
1 0.603125 0.64375 0.084375 0.05
1 0.3484375 0.32890625 0.0796875 0.053125
1 0.27890625 0.3453125 0.065625 0.05
0 0.84765625 0.74765625 0.059375 0.0390625
0 0.9015625 0.66875 0.059375 0.0453125
0 0.9375 0.49296875 0.0671875 0.046875
0 0.56171875 0.69140625 0.090625 0.0625
0 0.19140625 0.81875 0.071875 0.046875
0 0.17734375 0.77734375 0.08125 0.0578125
0 0.159375 0.66328125 0.059375 0.0484375
0 0.33828125 0.38359375 0.065625 0.05625