1 0.91328125 0.25546875 0.053125 0.0625
1 0.853125 0.375 0.0546875 0.0625
1 0.69609375 0.465625 0.053125 0.07890625
1 0.46640625 0.053125 0.04453125 0.059375
1 0.36796875 0.08359375 0.05078125 0.05625
1 0.30625 0.1734375 0.06640625 0.0734375
1 0.3 0.05625 0.05625 0.0578125
1 0.28046875 0.1109375 0.04375 0.05234375
1 0.3609375 0.94765625 0.05078125 0.059375
1 0.3546875 0.890625 0.04453125 0.06953125
1 0.275 0.82109375 0.0546875 0.06171875
1 0.11328125 0.59453125 0.05078125 0.0671875
1 0.15390625 0.565625 0.059375 0.0671875
1 0.3578125 0.4 0.05078125 0.0828125
1 0.66953125 0.65234375 0.05234375 0.07890625
1 0.65234375 0.72109375 0.05078125 0.065625
0 0.25546875 0.15859375 0.03828125 0.059375
0 0.3328125 0.1046875 0.04453125 0.0578125
0 0.50625 0.06953125 0.04765625 0.06640625
0 0.3109375 0.440625 0.0609375 0.08984375
0 0.184375 0.80703125 0.04609375 0.071875
0 0.22578125 0.82109375 0.05625 0.08046875
0 0.33828125 0.8390625 0.0484375 0.059375
0 0.61484375 0.66171875 0.0546875 0.065625