1 0.78046875 0.5875 0.0765625 0.075
1 0.82578125 0.1125 0.0796875 0.05625
1 0.65625 0.19375 0.065625 0.075
1 0.59609375 0.23515625 0.0765625 0.08125
1 0.378125 0.03515625 0.075 0.053125
1 0.33515625 0.07578125 0.071875 0.0640625
1 0.16796875 0.5234375 0.0546875 0.0578125
1 0.16171875 0.47265625 0.059375 0.0515625
1 0.11796875 0.50625 0.065625 0.059375
1 0.6625 0.26015625 0.075 0.059375
1 0.10078125 0.04140625 0.075 0.0625
1 0.18203125 0.7109375 0.05 0.053125
1 0.1140625 0.7 0.0890625 0.071875
0 0.37109375 0.27734375 0.0765625 0.059375
0 0.28125 0.2875 0.0796875 0.09375
0 0.96328125 0.03203125 0.0734375 0.0640625
0 0.9796875 0.26875 0.040625 0.059375
0 0.21953125 0.503125 0.05 0.0578125
0 0.91953125 0.459375 0.0671875 0.0671875