1 0.58203125 0.23984375 0.0703125 0.07265625
1 0.13203125 0.196875 0.053125 0.07578125
1 0.209375 0.35703125 0.0703125 0.0625
1 0.2484375 0.4140625 0.078125 0.07265625
1 0.05859375 0.62109375 0.05078125 0.0703125
1 0.096875 0.66171875 0.0609375 0.06796875
1 0.521875 0.8203125 0.0546875 0.05234375
1 0.4734375 0.82578125 0.0484375 0.05703125
1 0.5046875 0.8671875 0.05625 0.0625
1 0.271875 0.3515625 0.05546875 0.07109375
1 0.06484375 0.88359375 0.059375 0.07109375
1 0.69921875 0.80625 0.04921875 0.04765625
1 0.6890625 0.87109375 0.0671875 0.084375
0 0.28828125 0.62734375 0.05625 0.07265625
0 0.29765625 0.7125 0.0875 0.07578125
0 0.0484375 0.05703125 0.07421875 0.08828125
0 0.28046875 0.03671875 0.05625 0.06796875
0 0.5015625 0.77109375 0.0546875 0.046875
0 0.4609375 0.1078125 0.0640625 0.06328125