1 0.26953125 0.45546875 0.06953125 0.07109375
1 0.2203125 0.59375 0.06640625 0.0796875
1 0.496875 0.63046875 0.0640625 0.06328125
1 0.6984375 0.7265625 0.0609375 0.07421875
1 0.6625 0.9078125 0.0578125 0.065625
1 0.6265625 0.87265625 0.0484375 0.06640625
1 0.58046875 0.8734375 0.04453125 0.059375
1 0.55234375 0.8296875 0.05078125 0.0609375
1 0.27109375 0.8671875 0.0484375 0.0578125
1 0.28203125 0.80625 0.0515625 0.0625
1 0.3171875 0.8546875 0.04921875 0.0703125
1 0.9265625 0.1875 0.07421875 0.06640625
1 0.65859375 0.50234375 0.0484375 0.08125
1 0.76953125 0.05078125 0.0546875 0.06328125
1 0.45078125 0.09921875 0.065625 0.0703125
1 0.3984375 0.09296875 0.04453125 0.07265625
1 0.3 0.059375 0.06015625 0.0796875
0 0.59921875 0.81640625 0.04296875 0.04765625
0 0.76328125 0.9 0.05859375 0.07890625
0 0.8953125 0.8328125 0.059375 0.06953125
0 0.7109375 0.53125 0.04609375 0.071875