1 0.19609375 0.4453125 0.078125 0.075
1 0.14921875 0.92890625 0.08125 0.05625
1 0.321875 0.84609375 0.0671875 0.0765625
1 0.3828125 0.80390625 0.078125 0.084375
1 0.6046875 0.990625 0.075 0.01875
1 0.6484375 0.96640625 0.071875 0.065625
1 0.81953125 0.51015625 0.05625 0.059375
1 0.825 0.56171875 0.0625 0.053125
1 0.86953125 0.528125 0.0671875 0.0609375
1 0.315625 0.778125 0.0765625 0.059375
1 0.8859375 0.98515625 0.075 0.0296875
1 0.8046875 0.31953125 0.05 0.053125
1 0.87421875 0.33046875 0.090625 0.071875
0 0.6125 0.7609375 0.078125 0.0609375
0 0.703125 0.75078125 0.08125 0.09375
0 0.76640625 0.53125 0.05 0.059375
0 0.05390625 0.57578125 0.06875 0.06875