1 0.25390625 0.53515625 0.071875 0.0734375
1 0.20390625 0.3921875 0.06875 0.08125
1 0.48828125 0.3546875 0.065625 0.065625
1 0.696875 0.25546875 0.0625 0.078125
1 0.66015625 0.06875 0.059375 0.06875
1 0.62265625 0.1046875 0.05 0.06875
1 0.575 0.10390625 0.046875 0.0609375
1 0.54609375 0.14921875 0.053125 0.0625
1 0.25546875 0.11015625 0.05 0.059375
1 0.26640625 0.1734375 0.053125 0.0640625
1 0.303125 0.1234375 0.05 0.071875
1 0.93203125 0.81171875 0.0765625 0.06875
1 0.65625 0.48671875 0.05 0.084375
1 0.76953125 0.953125 0.05625 0.065625
1 0.44140625 0.903125 0.06875 0.071875
1 0.3875 0.909375 0.046875 0.075
1 0.2859375 0.94453125 0.0625 0.0828125
0 0.59453125 0.1625 0.04375 0.05
0 0.7640625 0.07578125 0.059375 0.08125
0 0.89921875 0.1453125 0.0625 0.071875
0 0.71015625 0.45703125 0.046875 0.075