1 0.48125 0.21328125 0.0765625 0.075
1 0.63046875 0.1609375 0.0859375 0.071875
1 0.6703125 0.45859375 0.06875 0.06875
1 0.7734375 0.6765625 0.08125 0.065625
1 0.96640625 0.6375 0.0671875 0.0625
1 0.93125 0.59921875 0.071875 0.053125
1 0.93203125 0.5484375 0.0640625 0.046875
1 0.884375 0.51875 0.065625 0.0546875
1 0.925 0.21484375 0.0625 0.053125
1 0.859375 0.2265625 0.0671875 0.05625
1 0.91171875 0.26484375 0.075 0.053125
1 0.1921875 0.921875 0.071875 0.0796875
1 0.53203125 0.63359375 0.0875 0.053125
1 0.04453125 0.75234375 0.06875 0.059375
1 0.096875 0.409375 0.075 0.071875
1 0.08984375 0.35234375 0.078125 0.046875
1 0.05390625 0.246875 0.0859375 0.065625
0 0.8703125 0.56875 0.0515625 0.046875
0 0.95859375 0.7453125 0.0828125 0.0625
0 0.88828125 0.88828125 0.075 0.0640625
0 0.56328125 0.68984375 0.078125 0.05