1 0.23515625 0.796875 0.0859375 0.0640625
1 0.28515625 0.8078125 0.078125 0.0625
1 0.15546875 0.54609375 0.08125 0.0640625
1 0.06171875 0.34140625 0.090625 0.0765625
1 0.2125 0.1328125 0.071875 0.059375
1 0.365625 0.22578125 0.078125 0.0625
1 0.50078125 0.32265625 0.0859375 0.0640625
1 0.6359375 0.56796875 0.078125 0.059375
1 0.7859375 0.571875 0.09375 0.0765625
0 0.175 0.78125 0.05625 0.0546875
0 0.6890625 0.403125 0.05625 0.05625
0 0.73359375 0.36796875 0.0640625 0.05
0 0.0328125 0.05078125 0.065625 0.06875