1 0.35234375 0.5875 0.06875 0.090625
1 0.2421875 0.80390625 0.05 0.059375
1 0.25390625 0.7546875 0.0515625 0.059375
0 0.32578125 0.9375 0.06875 0.0796875
1 0.38125 0.9515625 0.05 0.0640625
1 0.5921875 0.03125 0.053125 0.0625
1 0.7078125 0.365625 0.05625 0.053125
1 0.82890625 0.4765625 0.05625 0.053125
1 0.871875 0.4921875 0.0515625 0.0671875
0 0.28671875 0.82421875 0.046875 0.065625
1 0.28984375 0.9734375 0.0375 0.05
0 0.265625 0.31328125 0.071875 0.0796875
0 0.57578125 0.2234375 0.0375 0.0515625
0 0.6171875 0.21328125 0.04375 0.065625
0 0.1828125 0.0671875 0.065625 0.0953125
0 0.98515625 0.2 0.0296875 0.075
0 0.58046875 0.16484375 0.05 0.0578125
1 0.36875 0.89609375 0.04375 0.05