1 0.79140625 0.78125 0.0890625 0.0671875
1 0.73984375 0.79296875 0.08125 0.065625
1 0.87421875 0.52109375 0.084375 0.065625
1 0.9625 0.309375 0.075 0.078125
1 0.81484375 0.09140625 0.075 0.0625
1 0.65625 0.18828125 0.08125 0.065625
1 0.51640625 0.28984375 0.0890625 0.065625
1 0.37578125 0.54375 0.08125 0.0625
1 0.2203125 0.54765625 0.096875 0.078125
0 0.85390625 0.765625 0.059375 0.05625
0 0.3203125 0.37265625 0.059375 0.059375
0 0.27421875 0.33671875 0.065625 0.053125
0 0.98359375 0.021875 0.03125 0.04375