1 0.2203125 0.234375 0.0625 0.08359375
1 0.21015625 0.2828125 0.0609375 0.07578125
1 0.46484375 0.15625 0.0625 0.078125
1 0.6640625 0.06484375 0.07421875 0.08828125
1 0.8671875 0.2125 0.05859375 0.0703125
1 0.7765625 0.3609375 0.0609375 0.07578125
1 0.68125 0.4921875 0.0625 0.08359375
1 0.44375 0.6234375 0.05859375 0.07578125
1 0.4390625 0.76953125 0.07421875 0.09140625
0 0.23515625 0.17578125 0.053125 0.0546875
0 0.603125 0.67578125 0.0546875 0.0546875
0 0.6375 0.71875 0.0484375 0.0625
0 0.946875 0.034375 0.06796875 0.06875