1 0.3578125 0.4140625 0.0625 0.08359375
1 0.25625 0.21484375 0.046875 0.0546875
1 0.2671875 0.2609375 0.04765625 0.0546875
0 0.33359375 0.09140625 0.0625 0.0734375
1 0.384375 0.07890625 0.046875 0.05859375
1 0.57890625 0.92890625 0.05 0.059375
1 0.6859375 0.61875 0.05234375 0.04921875
1 0.796875 0.51640625 0.05078125 0.04921875
1 0.83671875 0.50234375 0.04765625 0.06171875
0 0.296875 0.196875 0.04296875 0.0609375
1 0.3 0.059375 0.03515625 0.046875
0 0.27734375 0.66640625 0.06640625 0.0734375
0 0.56328125 0.74921875 0.034375 0.046875
0 0.6015625 0.75859375 0.03984375 0.0609375
0 0.2015625 0.89375 0.06015625 0.08828125
0 0.95546875 0.77109375 0.05625 0.06875
0 0.56796875 0.80390625 0.04609375 0.053125
1 0.37265625 0.13046875 0.040625 0.046875