1 0.44140625 0.61796875 0.090625 0.06875
1 0.221875 0.7296875 0.059375 0.0515625
1 0.27265625 0.7171875 0.059375 0.0515625
0 0.08671875 0.64453125 0.08125 0.06875
1 0.0734375 0.58828125 0.0640625 0.0515625
1 0.9859375 0.375 0.028125 0.0546875
1 0.66640625 0.2578125 0.053125 0.0578125
1 0.55390625 0.13515625 0.053125 0.05625
1 0.53828125 0.0921875 0.06875 0.053125
0 0.20234375 0.684375 0.065625 0.046875
1 0.0515625 0.68125 0.0515625 0.0375
0 0.71875 0.70546875 0.08125 0.071875
0 0.809375 0.39140625 0.0515625 0.0375
0 0.81953125 0.35 0.0671875 0.04375
0 0.959375 0.7890625 0.08125 0.0671875
0 0.86875 0.38671875 0.059375 0.05
1 0.1296875 0.6015625 0.0515625 0.0453125