1 0.38046875 0.43046875 0.05625 0.0515625
1 0.34140625 0.39609375 0.065625 0.05625
1 0.26796875 0.13828125 0.059375 0.053125
1 0.04453125 0.8140625 0.0609375 0.0671875
1 0.0734375 0.89765625 0.0515625 0.0484375
1 0.0296875 0.88046875 0.05625 0.053125
1 0.19921875 0.91484375 0.0609375 0.05625
1 0.403125 0.86328125 0.05 0.05
1 0.53046875 0.88984375 0.0671875 0.059375
1 0.546875 0.96171875 0.059375 0.059375
0 0.9640625 0.54921875 0.071875 0.0578125
0 0.35234375 0.71640625 0.06875 0.05625
0 0.4328125 0.6609375 0.071875 0.05625
0 0.59140625 0.89140625 0.05625 0.046875
0 0.07890625 0.17421875 0.0875 0.053125
0 0.16328125 0.05546875 0.0796875 0.0625
0 0.034375 0.63125 0.06875 0.05625