1 0.57265625 0.62890625 0.0484375 0.05390625
1 0.60625 0.665625 0.05390625 0.0625
1 0.85 0.7359375 0.05078125 0.05546875
1 0.209375 0.94765625 0.0640625 0.0578125
1 0.1296875 0.91953125 0.04609375 0.0484375
1 0.14609375 0.9609375 0.05 0.05390625
1 0.1140625 0.80078125 0.05234375 0.0578125
1 0.1625 0.60703125 0.046875 0.04765625
1 0.1375 0.48671875 0.05546875 0.0640625
1 0.06875 0.471875 0.05546875 0.05703125
0 0.4609375 0.075 0.05546875 0.07109375
0 0.3015625 0.65546875 0.05390625 0.065625
0 0.35390625 0.57890625 0.05234375 0.06796875
0 0.1359375 0.42890625 0.04453125 0.053125
0 0.81640625 0.91484375 0.0515625 0.08203125
0 0.928125 0.83515625 0.05859375 0.07578125
0 0.3828125 0.95703125 0.05234375 0.06484375