1 0.35859375 0.596875 0.0578125 0.0515625
1 0.31953125 0.63203125 0.065625 0.0578125
1 0.2453125 0.8921875 0.059375 0.0546875
1 0.02578125 0.20859375 0.05 0.06875
1 0.0484375 0.12421875 0.0515625 0.0484375
1 0.0171875 0.14140625 0.034375 0.053125
1 0.17578125 0.10703125 0.0625 0.05625
1 0.38203125 0.159375 0.05 0.05
1 0.5109375 0.13203125 0.06875 0.059375
1 0.52734375 0.059375 0.0609375 0.059375
0 0.95 0.47734375 0.075 0.059375
0 0.33046875 0.3078125 0.06875 0.05625
0 0.4125 0.36328125 0.071875 0.05625
0 0.57265625 0.13046875 0.05625 0.046875
0 0.05390625 0.85625 0.0875 0.0546875
0 0.13984375 0.971875 0.0796875 0.05625
0 0.02265625 0.39296875 0.0453125 0.0546875