1 0.97890625 0.4265625 0.0421875 0.084375
1 0.81484375 0.15703125 0.053125 0.0625
1 0.18984375 0.0890625 0.0671875 0.084375
1 0.1859375 0.64375 0.053125 0.0640625
1 0.16171875 0.70625 0.065625 0.078125
1 0.70546875 0.63125 0.0546875 0.065625
1 0.7390625 0.42421875 0.0484375 0.071875
1 0.42578125 0.34453125 0.0421875 0.0515625
1 0.44765625 0.2734375 0.05625 0.071875
0 0.5765625 0.09296875 0.053125 0.0765625
0 0.62421875 0.15390625 0.0515625 0.06875
0 0.6015625 0.21484375 0.059375 0.065625
0 0.68984375 0.4515625 0.05625 0.078125
0 0.56796875 0.4578125 0.059375 0.096875
0 0.65234375 0.64765625 0.05 0.0796875
0 0.52265625 0.7796875 0.046875 0.05625
0 0.5421875 0.8515625 0.0625 0.09375
0 0.4859375 0.83671875 0.0625 0.0703125
0 0.35390625 0.790625 0.0625 0.0890625
0 0.06484375 0.8234375 0.0734375 0.0875
0 0.2640625 0.63515625 0.05625 0.0984375
0 0.228125 0.6984375 0.0625 0.071875
0 0.3125 0.26875 0.059375 0.0828125
0 0.33828125 0.14921875 0.065625 0.0703125
0 0.4015625 0.2390625 0.0625 0.053125
0 0.35234375 0.2328125 0.05625 0.078125
0 0.47421875 0.3375 0.05 0.059375
0 0.384375 0.40859375 0.065625 0.0703125