1 0.4 0.0296875 0.0828125 0.059375
1 0.1328125 0.20078125 0.0625 0.053125
1 0.06484375 0.82265625 0.084375 0.0671875
1 0.615625 0.8265625 0.0640625 0.0515625
1 0.678125 0.85078125 0.078125 0.0640625
1 0.60390625 0.31015625 0.065625 0.0546875
1 0.3984375 0.2765625 0.071875 0.0484375
1 0.31875 0.5875 0.0515625 0.0421875
1 0.2484375 0.56640625 0.071875 0.05625
0 0.06875 0.43828125 0.075 0.053125
0 0.12890625 0.390625 0.06875 0.0515625
0 0.18984375 0.41328125 0.065625 0.059375
0 0.425 0.32578125 0.0765625 0.05625
0 0.43125 0.446875 0.096875 0.059375
0 0.6203125 0.36328125 0.078125 0.05
0 0.75078125 0.49140625 0.05625 0.046875
0 0.821875 0.47265625 0.09375 0.0625
0 0.80703125 0.528125 0.06875 0.0625
0 0.76171875 0.659375 0.0875 0.0625
0 0.79453125 0.94765625 0.0875 0.0734375
0 0.6078125 0.74921875 0.096875 0.05625
0 0.6703125 0.78515625 0.071875 0.0625
0 0.24375 0.70078125 0.08125 0.059375
0 0.12421875 0.675 0.06875 0.065625
0 0.2140625 0.6125 0.053125 0.0625
0 0.2078125 0.6609375 0.078125 0.05625
0 0.31171875 0.540625 0.059375 0.05
0 0.3828125 0.6296875 0.06875 0.065625