1 0.384375 0.515625 0.078125 0.0625
1 0.59296875 0.471875 0.071875 0.05625
1 0.65859375 0.48203125 0.0609375 0.0453125
1 0.64765625 0.39296875 0.0625 0.040625
0 0.1609375 0.1109375 0.065625 0.0484375
0 0.18515625 0.06484375 0.08125 0.0625
0 0.3609375 0.05625 0.078125 0.0625
0 0.52265625 0.06640625 0.06875 0.053125
0 0.49921875 0.31328125 0.0625 0.0484375
0 0.459375 0.353125 0.0609375 0.046875
0 0.71640625 0.4375 0.0625 0.05625
0 0.65 0.44140625 0.05625 0.04375
0 0.97578125 0.5421875 0.046875 0.075
0 0.83046875 0.6328125 0.0828125 0.0546875
0 0.92421875 0.89921875 0.075 0.046875
0 0.85703125 0.915625 0.0625 0.05
0 0.875 0.86796875 0.05625 0.040625
0 0.79921875 0.92890625 0.06875 0.05625
0 0.54375 0.9921875 0.065625 0.015625
0 0.07421875 0.7953125 0.0625 0.0578125