1 0.034375 0.57109375 0.0609375 0.07734375
1 0.1953125 0.81875 0.04921875 0.05859375
1 0.771875 0.88125 0.06171875 0.07734375
1 0.77578125 0.37109375 0.04765625 0.059375
1 0.79765625 0.3125 0.059375 0.071875
1 0.296875 0.38203125 0.05 0.06015625
1 0.265625 0.57265625 0.04453125 0.06640625
1 0.55390625 0.64609375 0.0390625 0.04765625
1 0.534375 0.71171875 0.05234375 0.065625
0 0.415625 0.878125 0.0484375 0.0703125
0 0.37109375 0.821875 0.04765625 0.06328125
0 0.3921875 0.765625 0.0546875 0.0609375
0 0.3109375 0.54765625 0.05234375 0.07109375
0 0.4234375 0.54140625 0.05390625 0.0890625
0 0.34609375 0.3671875 0.046875 0.0734375
0 0.46484375 0.2453125 0.04296875 0.0515625
0 0.44765625 0.1796875 0.0578125 0.0859375
0 0.4984375 0.19375 0.0578125 0.06484375
0 0.6203125 0.23515625 0.05859375 0.08203125
0 0.8875 0.20546875 0.0671875 0.08046875
0 0.703125 0.37890625 0.053125 0.090625
0 0.73671875 0.3203125 0.0578125 0.06640625
0 0.65859375 0.71640625 0.05546875 0.0765625
0 0.63515625 0.8265625 0.0609375 0.06484375
0 0.57734375 0.74375 0.0578125 0.04921875
0 0.621875 0.74921875 0.0515625 0.07265625
0 0.51015625 0.65234375 0.0453125 0.05546875
0 0.59296875 0.58671875 0.06015625 0.0640625