1 0.503125 0.61328125 0.06015625 0.075
1 0.46171875 0.41328125 0.0546875 0.06875
1 0.47109375 0.35 0.04375 0.05859375
1 0.3859375 0.3609375 0.03984375 0.06015625
0 0.115625 0.8265625 0.046875 0.06171875
0 0.071875 0.80390625 0.059375 0.07734375
0 0.06328125 0.63515625 0.06015625 0.075
0 0.07265625 0.48046875 0.0515625 0.06640625
0 0.309375 0.503125 0.04609375 0.0609375
0 0.34765625 0.54140625 0.0453125 0.05859375
0 0.428125 0.29453125 0.05390625 0.06015625
0 0.4328125 0.3578125 0.0421875 0.05390625
0 0.52890625 0.03515625 0.07109375 0.06953125
0 0.615625 0.18515625 0.05234375 0.0796875
0 0.87109375 0.0953125 0.0453125 0.07109375
0 0.88671875 0.16015625 0.04765625 0.06015625
0 0.84140625 0.1421875 0.03984375 0.05390625
0 0.8984375 0.21484375 0.05390625 0.06484375
0 0.97578125 0.459375 0.0484375 0.0625
0 0.77109375 0.91015625 0.0546875 0.06015625