1 0.24140625 0.96796875 0.0796875 0.05625
1 0.74375 0.825 0.0453125 0.034375
1 0.715625 0.77578125 0.05625 0.040625
1 0.659375 0.71328125 0.059375 0.0453125
1 0.4609375 0.6765625 0.0515625 0.0546875
1 0.52265625 0.68984375 0.0578125 0.0515625
1 0.53671875 0.6453125 0.0625 0.0453125
1 0.565625 0.61484375 0.0609375 0.05
1 0.47109375 0.446875 0.0671875 0.0625
1 0.59609375 0.3390625 0.0625 0.0546875
1 0.653125 0.29609375 0.05625 0.0453125
1 0.7078125 0.25546875 0.046875 0.04375
1 0.76171875 0.16953125 0.0671875 0.04375
1 0.75859375 0.21640625 0.065625 0.046875
1 0.8875 0.0109375 0.065625 0.021875
1 0.46640625 0.0078125 0.053125 0.015625
1 0.10234375 0.1296875 0.0625 0.04375
1 0.13828125 0.31015625 0.0578125 0.0421875
1 0.21953125 0.58046875 0.0546875 0.0515625
1 0.19140625 0.4703125 0.059375 0.046875
1 0.2828125 0.69609375 0.065625 0.05
0 0.7203125 0.73125 0.0625 0.040625
0 0.58984375 0.89453125 0.05625 0.05
0 0.26875 0.0609375 0.0703125 0.059375