1 0.61171875 0.4921875 0.0765625 0.0609375
1 0.40859375 0.534375 0.0703125 0.05625
1 0.34453125 0.525 0.059375 0.04375
1 0.35546875 0.6109375 0.0609375 0.040625
0 0.82890625 0.8859375 0.0625 0.046875
0 0.80546875 0.93046875 0.078125 0.0609375
0 0.634375 0.9390625 0.0765625 0.0609375
0 0.4765625 0.9296875 0.06875 0.053125
0 0.5 0.6890625 0.0625 0.046875
0 0.53828125 0.65 0.059375 0.046875
0 0.2875 0.56796875 0.0609375 0.0546875
0 0.35234375 0.5640625 0.0546875 0.04375
0 0.02890625 0.4671875 0.0578125 0.071875
0 0.1765625 0.37734375 0.08125 0.053125
0 0.08515625 0.11875 0.071875 0.046875
0 0.15078125 0.10234375 0.0609375 0.0484375
0 0.1328125 0.1484375 0.0546875 0.040625
0 0.20703125 0.08984375 0.065625 0.0546875
0 0.45625 0.01796875 0.0625 0.0359375
0 0.9140625 0.2203125 0.0609375 0.05625