1 0.05859375 0.721875 0.05234375 0.075
1 0.19296875 0.2484375 0.03203125 0.04296875
1 0.23984375 0.275 0.0390625 0.05390625
1 0.2984375 0.328125 0.04296875 0.05546875
1 0.3328125 0.51484375 0.0515625 0.0484375
1 0.3203125 0.45703125 0.0484375 0.0546875
1 0.3625 0.44375 0.04296875 0.059375
1 0.39140625 0.41640625 0.046875 0.0578125
1 0.54921875 0.5046875 0.059375 0.06328125
1 0.65078125 0.3875 0.0515625 0.059375
1 0.69140625 0.334375 0.04296875 0.05390625
1 0.7296875 0.2828125 0.040625 0.0453125
1 0.81015625 0.23203125 0.040625 0.06328125
1 0.76640625 0.23515625 0.04375 0.06171875
1 0.9734375 0.11484375 0.0453125 0.06171875
1 0.978125 0.5109375 0.04296875 0.04921875
1 0.84765625 0.853125 0.04140625 0.06015625
1 0.678125 0.81875 0.03984375 0.0546875
1 0.4234375 0.7421875 0.0484375 0.0515625
1 0.52734375 0.76875 0.04453125 0.05546875
1 0.31484375 0.68203125 0.0484375 0.0609375
0 0.28125 0.27109375 0.03828125 0.0578125
0 0.12734375 0.39375 0.04609375 0.05234375
0 0.91328125 0.69609375 0.05625 0.065625