1 0.71484375 0.05859375 0.078125 0.0546875
1 0.22109375 0.1984375 0.04375 0.0328125
1 0.2484375 0.24765625 0.05625 0.040625
1 0.3046875 0.309375 0.0578125 0.04375
1 0.49921875 0.3453125 0.05 0.053125
1 0.4390625 0.33203125 0.05625 0.05
1 0.425 0.3765625 0.0625 0.04375
1 0.39609375 0.40546875 0.059375 0.05
1 0.4890625 0.57109375 0.065625 0.0625
1 0.36640625 0.67734375 0.0625 0.053125
1 0.3109375 0.71953125 0.05625 0.04375
1 0.25703125 0.759375 0.046875 0.04375
1 0.20390625 0.84375 0.065625 0.0421875
1 0.20703125 0.79765625 0.065625 0.0453125
1 0.08046875 0.99453125 0.0640625 0.0109375
1 0.8515625 0.8828125 0.0625 0.04375
1 0.81640625 0.70546875 0.05625 0.040625
1 0.73671875 0.43984375 0.053125 0.05
1 0.7640625 0.5484375 0.0578125 0.046875
1 0.67421875 0.32578125 0.0640625 0.05
0 0.24453125 0.29140625 0.059375 0.040625
0 0.37265625 0.13046875 0.0546875 0.0484375
0 0.68828125 0.95078125 0.06875 0.059375