1 0.24609375 0.646875 0.075 0.059375
1 0.303125 0.60546875 0.0625 0.05625
1 0.33671875 0.48203125 0.0703125 0.0515625
1 0.2390625 0.8671875 0.0625 0.046875
1 0.51875 0.7109375 0.05625 0.04375
0 0.65234375 0.15546875 0.090625 0.0625
0 0.47890625 0.23984375 0.0765625 0.065625
0 0.33984375 0.5328125 0.0796875 0.059375
0 0.29453125 0.846875 0.075 0.0640625
0 0.64921875 0.87265625 0.078125 0.0609375
0 0.8703125 0.61875 0.05 0.05
0 0.903125 0.6515625 0.06875 0.053125
0 0.978125 0.871875 0.04375 0.0578125
0 0.8125 0.409375 0.0875 0.065625
0 0.81796875 0.4625 0.06875 0.046875
0 0.98828125 0.48984375 0.0234375 0.0625
0 0.9046875 0.21953125 0.06875 0.0625
0 0.96171875 0.2484375 0.0640625 0.05