1 0.428125 0.8890625 0.05 0.0703125
1 0.37109375 0.8765625 0.06875 0.08125
1 0.41328125 0.81484375 0.0625 0.084375
1 0.475 0.0546875 0.0625 0.090625
1 0.24765625 0.16328125 0.05 0.065625
0 0.28671875 0.1234375 0.04375 0.059375
1 0.78359375 0.41875 0.04375 0.0609375
0 0.834375 0.4125 0.0484375 0.0734375
0 0.75 0.4890625 0.053125 0.06875
0 0.7296875 0.5875 0.0421875 0.06875
0 0.67421875 0.6015625 0.06875 0.0796875
0 0.55703125 0.4734375 0.05625 0.08125
0 0.9875 0.7671875 0.025 0.08125
0 0.7734375 0.81875 0.059375 0.084375
0 0.36796875 0.95078125 0.090625 0.071875
0 0.19140625 0.86953125 0.059375 0.065625
0 0.36796875 0.57109375 0.0578125 0.08125
0 0.30703125 0.575 0.059375 0.075
0 0.02265625 0.52890625 0.04375 0.06875
0 0.0578125 0.4765625 0.053125 0.0796875
0 0.0984375 0.24375 0.059375 0.075
0 0.51171875 0.11015625 0.05625 0.0765625
0 0.68671875 0.1375 0.0625 0.0796875
0 0.2921875 0.18515625 0.0515625 0.059375