1 0.6140625 0.134375 0.065625 0.053125
1 0.7609375 0.52109375 0.059375 0.0453125
1 0.7421875 0.55078125 0.0625 0.04375
1 0.2953125 0.58984375 0.065625 0.0546875
1 0.340625 0.97265625 0.065625 0.053125
1 0.57265625 0.9703125 0.0515625 0.0421875
1 0.621875 0.78984375 0.046875 0.034375
1 0.65625 0.7515625 0.0484375 0.046875
1 0.72109375 0.7671875 0.0640625 0.040625
0 0.18046875 0.821875 0.065625 0.059375
0 0.525 0.9421875 0.059375 0.05
0 0.6875 0.79921875 0.071875 0.053125
0 0.703125 0.71484375 0.0625 0.0515625
0 0.67578125 0.5484375 0.0703125 0.0625