1 0.646875 0.89453125 0.0671875 0.0546875
1 0.796875 0.4984375 0.0625 0.046875
1 0.778125 0.46796875 0.0625 0.04375
1 0.32109375 0.428125 0.065625 0.05625
1 0.3671875 0.03359375 0.0671875 0.059375
1 0.60390625 0.0390625 0.053125 0.04375
1 0.6546875 0.2234375 0.046875 0.034375
1 0.68984375 0.2625 0.05 0.046875
1 0.75625 0.24609375 0.065625 0.0421875
0 0.20390625 0.190625 0.0671875 0.0609375
0 0.55625 0.06796875 0.0625 0.0515625
0 0.721875 0.2140625 0.075 0.053125
0 0.73828125 0.3 0.0625 0.053125
0 0.709375 0.4703125 0.071875 0.065625