1 0.13125 0.4671875 0.065625 0.046875
1 0.14296875 0.41484375 0.075 0.0625
1 0.19921875 0.453125 0.0765625 0.05625
1 0.89921875 0.51015625 0.0828125 0.0578125
1 0.79921875 0.30078125 0.0609375 0.046875
0 0.8359375 0.33671875 0.05625 0.040625
1 0.5640625 0.79375 0.05625 0.040625
0 0.56953125 0.840625 0.0671875 0.04375
0 0.49921875 0.76328125 0.0625 0.05
0 0.409375 0.74453125 0.0625 0.0390625
0 0.39609375 0.69375 0.0734375 0.0625
0 0.51328125 0.58515625 0.075 0.053125
0 0.24296875 0.98515625 0.075 0.0296875
0 0.19609375 0.78515625 0.078125 0.0546875
0 0.07421875 0.41171875 0.065625 0.0828125
0 0.15 0.24921875 0.059375 0.053125
0 0.42421875 0.41171875 0.075 0.053125
0 0.4203125 0.35546875 0.06875 0.0546875
0 0.4625 0.08828125 0.0625 0.05
0 0.5109375 0.12578125 0.0734375 0.05
0 0.725 0.16328125 0.06875 0.053125
0 0.8484375 0.54375 0.0703125 0.053125
0 0.82265625 0.70546875 0.0734375 0.0578125
0 0.7796875 0.34140625 0.0546875 0.046875