1 0.34921875 0.759375 0.059375 0.0734375
1 0.390625 0.7015625 0.0546875 0.0625
1 0.51328125 0.66875 0.0515625 0.06875
1 0.13046875 0.765625 0.046875 0.0609375
1 0.2859375 0.4875 0.04375 0.05625
0 0.83828125 0.3546875 0.0625 0.090625
0 0.75390625 0.52734375 0.065625 0.0765625
0 0.4625 0.66484375 0.059375 0.078125
0 0.15 0.7109375 0.0640625 0.0734375
0 0.12421875 0.35859375 0.059375 0.078125
0 0.37734375 0.13828125 0.05 0.05
0 0.34375 0.10546875 0.053125 0.06875
0 0.125 0.0265625 0.0578125 0.053125
0 0.5859375 0.1953125 0.065625 0.0859375
0 0.53203125 0.190625 0.046875 0.06875
0 0.50546875 0.01640625 0.0625 0.0328125
0 0.77421875 0.1046875 0.0625 0.06875
0 0.7453125 0.04765625 0.05 0.0625