1 0.5265625 0.86015625 0.046875 0.0640625
1 0.57890625 0.84921875 0.06171875 0.0734375
1 0.54140625 0.79296875 0.05625 0.07578125
1 0.484375 0.10078125 0.05703125 0.08203125
1 0.69140625 0.19921875 0.04609375 0.0609375
0 0.65546875 0.1640625 0.03984375 0.0546875
1 0.20390625 0.43203125 0.03984375 0.05546875
0 0.1578125 0.4265625 0.04453125 0.06640625
0 0.234375 0.49609375 0.0484375 0.06328125
0 0.25234375 0.5859375 0.0390625 0.06328125
0 0.303125 0.5984375 0.0625 0.07265625
0 0.41015625 0.48203125 0.05234375 0.07421875
0 0.01484375 0.75 0.0296875 0.0734375
0 0.2125 0.796875 0.05390625 0.07734375
0 0.58203125 0.9171875 0.08203125 0.065625
0 0.7421875 0.8421875 0.05390625 0.05859375
0 0.58203125 0.57109375 0.05234375 0.0734375
0 0.6375 0.57421875 0.05390625 0.06875
0 0.9015625 0.5328125 0.04921875 0.0625
0 0.86484375 0.48515625 0.04921875 0.07265625
0 0.82734375 0.27265625 0.05390625 0.06796875
0 0.45078125 0.1515625 0.05234375 0.06953125
0 0.29140625 0.17578125 0.05703125 0.07265625
0 0.65078125 0.21953125 0.046875 0.05390625