1 0.8671875 0.63046875 0.05078125 0.0625
1 0.4984375 0.7703125 0.04296875 0.05703125
1 0.4703125 0.75234375 0.040625 0.05859375
1 0.4328125 0.32734375 0.0515625 0.06171875
1 0.065625 0.3703125 0.05546875 0.0625
1 0.0703125 0.590625 0.040625 0.04921875
1 0.2421875 0.63828125 0.0328125 0.04375
1 0.27890625 0.6703125 0.04375 0.04609375
1 0.2640625 0.73203125 0.03984375 0.0609375
0 0.21171875 0.21796875 0.05625 0.0625
0 0.09765625 0.54609375 0.04765625 0.05703125
0 0.23359375 0.7 0.05078125 0.06953125
0 0.3140625 0.715625 0.04921875 0.05859375
0 0.47265625 0.6890625 0.0609375 0.0671875