1 0.6515625 0.75390625 0.059375 0.07265625
1 0.61015625 0.69765625 0.0546875 0.0625
1 0.48984375 0.66484375 0.05078125 0.06875
1 0.86796875 0.7609375 0.046875 0.06015625
1 0.7140625 0.48515625 0.0421875 0.05625
0 0.16796875 0.35390625 0.0625 0.08828125
0 0.25078125 0.525 0.0640625 0.07578125
0 0.5390625 0.66171875 0.059375 0.078125
0 0.8484375 0.70625 0.06328125 0.07265625
0 0.8734375 0.3578125 0.059375 0.07734375
0 0.62421875 0.13984375 0.0484375 0.05
0 0.65625 0.1078125 0.0515625 0.06796875
0 0.87265625 0.02734375 0.0578125 0.0546875
0 0.41796875 0.196875 0.0640625 0.08515625
0 0.4703125 0.19140625 0.046875 0.06875
0 0.49765625 0.01796875 0.06171875 0.0359375
0 0.23125 0.10625 0.0609375 0.06796875
0 0.259375 0.05078125 0.05 0.06328125