1 0.1078125 0.80859375 0.05234375 0.04375
1 0.0859375 0.8515625 0.0453125 0.05
1 0.06953125 0.90234375 0.04453125 0.06171875
1 0.1109375 0.8953125 0.0484375 0.06328125
1 0.45078125 0.4890625 0.03984375 0.0609375
1 0.47734375 0.52734375 0.04765625 0.053125
1 0.51640625 0.55 0.04921875 0.053125
1 0.321875 0.61328125 0.0515625 0.06328125
1 0.30625 0.09140625 0.05 0.0640625
1 0.765625 0.66484375 0.0484375 0.0625
1 0.17265625 0.66953125 0.0515625 0.071875
1 0.125 0.71015625 0.0671875 0.0765625
0 0.43203125 0.25234375 0.05703125 0.06796875
0 0.4734375 0.2171875 0.05546875 0.0625
0 0.15234375 0.278125 0.04609375 0.059375
0 0.103125 0.28125 0.03984375 0.04765625
0 0.1328125 0.33984375 0.05234375 0.06015625
0 0.13359375 0.63984375 0.03984375 0.0515625
0 0.4484375 0.89921875 0.0359375 0.05
0 0.4921875 0.88671875 0.05078125 0.06953125
0 0.90234375 0.8515625 0.04453125 0.04609375
0 0.72265625 0.696875 0.053125 0.06796875
0 0.6453125 0.5421875 0.05 0.06875
0 0.97265625 0.4359375 0.0546875 0.065625