1 0.8703125 0.06328125 0.05625 0.075
1 0.796875 0.84453125 0.0578125 0.0703125
1 0.22734375 0.1375 0.06875 0.090625
1 0.1046875 0.353125 0.046875 0.05625
1 0.13515625 0.30234375 0.0515625 0.0625
1 0.0546875 0.95390625 0.04375 0.0640625
1 0.18828125 0.75 0.059375 0.065625
1 0.21875 0.696875 0.053125 0.065625
0 0.975 0.76328125 0.05 0.0734375
0 0.759375 0.2734375 0.0578125 0.071875
0 0.1515625 0.359375 0.04375 0.059375
0 0.3875 0.35 0.0515625 0.053125
0 0.5234375 0.58671875 0.05625 0.065625
0 0.575 0.6125 0.046875 0.059375
0 0.17734375 0.66640625 0.05625 0.0640625
0 0.03828125 0.89453125 0.04375 0.075
0 0.3765625 0.3 0.04375 0.0515625