1 0.1359375 0.909375 0.0546875 0.071875
1 0.20703125 0.15703125 0.05625 0.06796875
1 0.75625 0.8375 0.06640625 0.08671875
1 0.8734375 0.6296875 0.0453125 0.053125
1 0.84453125 0.67890625 0.04921875 0.06015625
1 0.921875 0.0515625 0.04140625 0.06171875
1 0.79296875 0.24765625 0.0578125 0.0640625
1 0.7640625 0.29921875 0.0515625 0.06328125
0 0.0328125 0.2359375 0.053125 0.0703125
0 0.24296875 0.70625 0.05546875 0.06875
0 0.82890625 0.6234375 0.0421875 0.0578125
0 0.60078125 0.63359375 0.05 0.05078125
0 0.4703125 0.4046875 0.053125 0.06328125
0 0.42109375 0.38046875 0.04453125 0.0578125
0 0.80390625 0.328125 0.0546875 0.06171875
0 0.93828125 0.10859375 0.04296875 0.071875
0 0.61171875 0.68046875 0.0421875 0.04921875