1 0.90390625 0.1796875 0.05625 0.046875
1 0.9265625 0.134375 0.0484375 0.053125
1 0.94453125 0.08046875 0.046875 0.065625
1 0.90078125 0.08828125 0.05 0.0671875
1 0.53984375 0.51953125 0.0421875 0.065625
1 0.51171875 0.47890625 0.05 0.05625
1 0.4703125 0.4546875 0.053125 0.05625
1 0.6765625 0.3875 0.0546875 0.0671875
1 0.69375 0.9421875 0.053125 0.06875
1 0.20546875 0.3328125 0.05 0.065625
1 0.83515625 0.32734375 0.0546875 0.075
1 0.8859375 0.284375 0.071875 0.08125
0 0.559375 0.77109375 0.0609375 0.071875
0 0.515625 0.8078125 0.059375 0.065625
0 0.85625 0.74296875 0.0484375 0.0625
0 0.90859375 0.740625 0.0421875 0.05
0 0.87734375 0.678125 0.05625 0.0640625
0 0.8765625 0.359375 0.0421875 0.0546875
0 0.5421875 0.08359375 0.0375 0.053125
0 0.49609375 0.096875 0.053125 0.075
0 0.06015625 0.134375 0.046875 0.05
0 0.25078125 0.2984375 0.05625 0.071875
0 0.33359375 0.46328125 0.053125 0.0734375
0 0.00703125 0.57578125 0.0140625 0.06875