1 0.30546875 0.2703125 0.075 0.0484375
1 0.8203125 0.61953125 0.059375 0.0421875
1 0.634375 0.35703125 0.06875 0.0359375
1 0.53046875 0.31640625 0.075 0.059375
1 0.7859375 0.0734375 0.059375 0.046875
1 0.96875 0.33515625 0.0609375 0.040625
1 0.96171875 0.48828125 0.071875 0.059375
1 0.64921875 0.81015625 0.071875 0.05
1 0.59609375 0.8140625 0.0484375 0.053125
0 0.6328125 0.62890625 0.0671875 0.053125
0 0.59609375 0.31953125 0.0625 0.05
0 0.565625 0.07734375 0.0828125 0.05625
0 0.53984375 0.128125 0.078125 0.0578125
1 0.90625 0.34453125 0.046875 0.034375