1 0.884375 0.04453125 0.059375 0.075
1 0.809375 0.84296875 0.059375 0.071875
1 0.2265625 0.12109375 0.0703125 0.0921875
1 0.1015625 0.34140625 0.046875 0.05625
1 0.1328125 0.2890625 0.053125 0.0640625
1 0.05078125 0.9546875 0.04375 0.065625
1 0.1875 0.746875 0.0609375 0.06875
1 0.21875 0.6921875 0.0546875 0.0671875
0 0.9828125 0.76015625 0.034375 0.075
0 0.77109375 0.26015625 0.059375 0.071875
0 0.14921875 0.34765625 0.04375 0.0625
0 0.39140625 0.3375 0.053125 0.053125
0 0.5296875 0.5796875 0.05625 0.0671875
0 0.58203125 0.60625 0.046875 0.0609375
0 0.17578125 0.6609375 0.0578125 0.065625
0 0.03359375 0.89453125 0.0453125 0.075
0 0.3796875 0.28671875 0.04375 0.053125