1 0.16640625 0.10234375 0.046875 0.05625
1 0.11953125 0.078125 0.0546875 0.05
1 0.0640625 0.06015625 0.06875 0.0484375
1 0.07109375 0.10546875 0.06875 0.053125
1 0.51796875 0.47890625 0.0671875 0.04375
1 0.47578125 0.5078125 0.059375 0.053125
1 0.45078125 0.55078125 0.059375 0.053125
1 0.38125 0.3375 0.06875 0.05625
1 0.9546875 0.31953125 0.0703125 0.0546875
1 0.325 0.82421875 0.06875 0.053125
1 0.31953125 0.1734375 0.078125 0.05625
1 0.275 0.12109375 0.084375 0.075
0 0.778125 0.4578125 0.075 0.0625
0 0.81640625 0.503125 0.06875 0.0609375
0 0.74921875 0.15078125 0.065625 0.05
0 0.74609375 0.096875 0.053125 0.04375
0 0.68125 0.1296875 0.065625 0.0578125
0 0.35234375 0.13046875 0.05625 0.04375
0 0.06640625 0.47578125 0.0546875 0.040625
0 0.08046875 0.52421875 0.0765625 0.05625
0 0.11953125 0.975 0.05 0.05
0 0.28984375 0.77734375 0.075 0.059375
0 0.459375 0.69140625 0.075 0.0546875