0 0.75859375 0.08125 0.04453125 0.0578125
1 0.771875 0.14453125 0.04921875 0.06484375
1 0.2484375 0.4921875 0.04453125 0.0578125
0 0.29140625 0.4765625 0.0390625 0.059375
0 0.12578125 0.71640625 0.05234375 0.05625
0 0.3828125 0.8484375 0.0578125 0.06171875
0 0.596875 0.9515625 0.04375 0.053125
0 0.56640625 0.9109375 0.0390625 0.05703125
0 0.61484375 0.890625 0.04296875 0.053125
0 0.60859375 0.83046875 0.05078125 0.06796875
0 0.85390625 0.69296875 0.04609375 0.05078125
0 0.88515625 0.6421875 0.04140625 0.04921875
0 0.83984375 0.60859375 0.05078125 0.0703125
0 0.7421875 0.7859375 0.05234375 0.0703125
0 0.50390625 0.296875 0.05234375 0.0671875
0 0.35546875 0.346875 0.04921875 0.0625
0 0.38359375 0.28671875 0.05625 0.06875
0 0.7390625 0.03046875 0.05 0.0609375
0 0.41015625 0.3625 0.04453125 0.05546875