0 0.975 0.76171875 0.05 0.0484375
1 0.9109375 0.7765625 0.071875 0.0546875
1 0.53125 0.20546875 0.0625 0.05
0 0.5484375 0.2515625 0.065625 0.04375
0 0.28671875 0.07109375 0.0609375 0.0578125
0 0.1421875 0.3515625 0.06875 0.0625
0 0.0296875 0.584375 0.059375 0.046875
0 0.0734375 0.55234375 0.0625 0.04375
0 0.0953125 0.6046875 0.059375 0.046875
0 0.16171875 0.5984375 0.075 0.05625
0 0.31171875 0.86640625 0.05625 0.0515625
0 0.3671875 0.9 0.053125 0.0453125
0 0.40390625 0.85078125 0.078125 0.05625
0 0.21015625 0.74453125 0.0765625 0.05625
0 0.7453125 0.48359375 0.075 0.05625
0 0.690625 0.321875 0.06875 0.053125
0 0.75625 0.35234375 0.075 0.0625
0 0.67265625 0.38203125 0.059375 0.0484375