1 0.7 0.2796875 0.075 0.0484375
1 0.18203125 0.63046875 0.059375 0.0421875
1 0.36875 0.3671875 0.06875 0.0359375
1 0.4734375 0.32578125 0.0765625 0.059375
1 0.2171875 0.08125 0.0609375 0.046875
1 0.03359375 0.3453125 0.0609375 0.040625
1 0.040625 0.49921875 0.071875 0.059375
1 0.35390625 0.82265625 0.071875 0.0515625
1 0.4078125 0.82578125 0.0484375 0.053125
0 0.37109375 0.63984375 0.0671875 0.053125
0 0.4078125 0.32890625 0.0625 0.05
0 0.43828125 0.0859375 0.084375 0.05625
0 0.4640625 0.13671875 0.078125 0.0578125
1 0.09609375 0.3546875 0.046875 0.034375