1 0.725 0.69296875 0.046875 0.07265625
1 0.384375 0.19140625 0.040625 0.05703125
1 0.63984375 0.371875 0.03515625 0.0671875
1 0.6796875 0.4734375 0.0578125 0.07421875
1 0.91640625 0.225 0.04609375 0.05859375
1 0.6609375 0.046875 0.03984375 0.059375
1 0.51171875 0.05390625 0.05703125 0.06953125
1 0.1984375 0.3578125 0.04921875 0.06875
1 0.1953125 0.41015625 0.05234375 0.046875
0 0.37578125 0.37421875 0.05078125 0.06484375
0 0.6765625 0.41015625 0.04765625 0.06015625
0 0.9125 0.43984375 0.05390625 0.08046875
0 0.8625 0.4640625 0.05625 0.07578125
1 0.6515625 0.1078125 0.0328125 0.04453125