0 0.071875 0.77109375 0.059375 0.046875
1 0.13671875 0.78515625 0.065625 0.0515625
1 0.49453125 0.24765625 0.059375 0.046875
0 0.478125 0.29140625 0.0609375 0.040625
0 0.72421875 0.121875 0.05625 0.053125
0 0.86015625 0.38515625 0.0625 0.059375
0 0.96640625 0.6046875 0.0546875 0.04375
0 0.925 0.57421875 0.059375 0.040625
0 0.90390625 0.6234375 0.0546875 0.04375
0 0.84140625 0.6171875 0.0703125 0.053125
0 0.7 0.86953125 0.053125 0.0484375
0 0.6484375 0.9015625 0.05 0.0421875
0 0.61328125 0.8546875 0.071875 0.053125
0 0.79609375 0.7546875 0.071875 0.053125
0 0.29296875 0.509375 0.06875 0.053125
0 0.34453125 0.35703125 0.065625 0.05
0 0.2828125 0.3859375 0.071875 0.0578125
0 0.02578125 0.75234375 0.0515625 0.0515625
0 0.3609375 0.4140625 0.05625 0.0453125