1 0.96640625 0.46015625 0.0671875 0.065625
1 0.934375 0.85546875 0.071875 0.05625
1 0.80625 0.44609375 0.0875 0.0671875
1 0.4921875 0.2 0.0875 0.05
1 0.34453125 0.16875 0.0859375 0.059375
1 0.33828125 0.5109375 0.08125 0.0765625
1 0.1796875 0.7484375 0.04375 0.05
1 0.25234375 0.76953125 0.075 0.0640625
1 0.28046875 0.825 0.084375 0.053125
1 0.4609375 0.6328125 0.0578125 0.065625
1 0.19453125 0.4125 0.0609375 0.053125
0 0.48828125 0.27265625 0.084375 0.065625
0 0.52578125 0.6015625 0.078125 0.0671875
0 0.23046875 0.91015625 0.08125 0.075
0 0.3328125 0.11015625 0.090625 0.0625