1 0.32734375 0.771875 0.0609375 0.07578125
1 0.515625 0.73984375 0.0625 0.08359375
1 0.41328125 0.503125 0.0453125 0.06015625
1 0.5953125 0.5015625 0.04375 0.04921875
1 0.61640625 0.43984375 0.053125 0.06953125
1 0.62734375 0.5484375 0.0609375 0.0734375
1 0.7734375 0.72890625 0.04609375 0.06171875
1 0.66015625 0.26171875 0.05859375 0.07578125
0 0.1171875 0.4703125 0.05859375 0.06484375
0 0.4625 0.53203125 0.053125 0.06171875
0 0.86328125 0.79296875 0.0484375 0.05078125
0 0.690625 0.20078125 0.05546875 0.0671875