1 0.45703125 0.10703125 0.05859375 0.078125
1 0.8140625 0.14453125 0.05078125 0.06484375
1 0.44453125 0.26015625 0.0609375 0.078125
1 0.221875 0.54453125 0.04609375 0.07890625
1 0.19375 0.678125 0.05390625 0.07734375
1 0.503125 0.68359375 0.06953125 0.0734375
1 0.71796875 0.8265625 0.04609375 0.0390625
1 0.73671875 0.7609375 0.0578125 0.06875
1 0.78671875 0.7359375 0.04765625 0.07578125
1 0.61328125 0.57265625 0.05859375 0.05234375
1 0.41328125 0.8140625 0.0484375 0.0546875
0 0.2875 0.5484375 0.05859375 0.07578125
0 0.58515625 0.5140625 0.0609375 0.0703125
0 0.8640625 0.78125 0.06875 0.07265625
0 0.140625 0.6890625 0.05625 0.08203125