1 0.9046875 0.5328125 0.0859375 0.0640625
1 0.86328125 0.13984375 0.071875 0.05625
1 0.7359375 0.546875 0.0859375 0.065625
1 0.4234375 0.79140625 0.0875 0.05
1 0.27734375 0.821875 0.084375 0.059375
1 0.2703125 0.48203125 0.08125 0.075
1 0.11328125 0.24609375 0.04375 0.05
1 0.1859375 0.22578125 0.075 0.0625
1 0.21328125 0.1703125 0.0828125 0.0515625
1 0.3921875 0.3609375 0.05625 0.065625
1 0.128125 0.58046875 0.059375 0.053125
0 0.41953125 0.71875 0.0828125 0.0640625
0 0.45703125 0.3921875 0.078125 0.065625
0 0.16328125 0.0859375 0.08125 0.075
0 0.265625 0.8796875 0.090625 0.0625