1 0.91796875 0.36484375 0.078125 0.071875
1 0.840625 0.8203125 0.0625 0.0484375
1 0.59140625 0.840625 0.090625 0.05625
1 0.4140625 0.27578125 0.06875 0.053125
1 0.2296875 0.3765625 0.059375 0.05
1 0.22421875 0.4203125 0.0625 0.046875
0 0.85234375 0.47578125 0.0609375 0.05625
0 0.28203125 0.62421875 0.0609375 0.0375
0 0.271875 0.67265625 0.059375 0.040625
0 0.28046875 0.1109375 0.065625 0.0515625
0 0.1671875 0.0265625 0.06875 0.053125
0 0.50234375 0.1171875 0.096875 0.0671875
0 0.99140625 0.225 0.0171875 0.06875
0 0.35078125 0.26953125 0.053125 0.0421875