1 0.39375 0.03515625 0.071875 0.06875
1 0.86328125 0.11015625 0.05 0.0625
1 0.88359375 0.3671875 0.059375 0.09375
1 0.30234375 0.55 0.053125 0.0703125
1 0.40625 0.7390625 0.05 0.059375
1 0.4515625 0.74453125 0.05 0.0625
0 0.50859375 0.0984375 0.05625 0.0625
0 0.6609375 0.6859375 0.040625 0.0625
0 0.71171875 0.69609375 0.0421875 0.059375
0 0.13359375 0.68671875 0.053125 0.06875
0 0.04375 0.8046875 0.059375 0.06875
0 0.0078125 0.7484375 0.015625 0.06875
0 0.13984375 0.45859375 0.06875 0.0984375
0 0.29609375 0.61484375 0.04375 0.053125