1 0.4 0.1015625 0.06640625 0.07265625
1 0.034375 0.03671875 0.053125 0.0578125
1 0.828125 0.17421875 0.0453125 0.0578125
1 0.846875 0.40859375 0.053125 0.0859375
1 0.3171875 0.575 0.04921875 0.0640625
1 0.41171875 0.746875 0.04609375 0.0546875
1 0.453125 0.75234375 0.04453125 0.0578125
0 0.5046875 0.16328125 0.05234375 0.05703125
0 0.64375 0.6984375 0.0359375 0.05703125
0 0.68984375 0.70703125 0.03828125 0.0546875
0 0.1625 0.69921875 0.04765625 0.06171875
0 0.08125 0.80625 0.0546875 0.0625
0 0.03203125 0.75625 0.04921875 0.0625
0 0.16875 0.49140625 0.06328125 0.08984375
0 0.2703125 0.02109375 0.0640625 0.0421875
0 0.3109375 0.63359375 0.03984375 0.0484375