1 0.60859375 0.1671875 0.0671875 0.090625
1 0.753125 0.59296875 0.06875 0.090625
1 0.62734375 0.7578125 0.05625 0.071875
1 0.8453125 0.75625 0.059375 0.075
1 0.934375 0.5578125 0.071875 0.090625
1 0.13984375 0.41796875 0.071875 0.06875
1 0.0125 0.65390625 0.025 0.065625
0 0.88125 0.51640625 0.0609375 0.06875
0 0.5015625 0.290625 0.0734375 0.08125
0 0.29375 0.9921875 0.05625 0.015625
0 0.121875 0.98203125 0.05 0.0359375
0 0.1125 0.27734375 0.0421875 0.059375
0 0.3734375 0.66640625 0.0640625 0.08125