1 0.75703125 0.37578125 0.084375 0.0625
1 0.35546875 0.23984375 0.084375 0.065625
1 0.19921875 0.35859375 0.06875 0.053125
1 0.20078125 0.15234375 0.071875 0.05625
1 0.38828125 0.06875 0.084375 0.06875
1 0.52109375 0.81875 0.065625 0.06875
1 0.296875 0.94765625 0.0609375 0.040625
1 0.309375 0.9828125 0.0625 0.034375
0 0.428125 0.11875 0.065625 0.05625
0 0.64140625 0.47734375 0.0765625 0.06875
0 0.94609375 0.71640625 0.096875 0.084375
1 0.5875 0.9921875 0.065625 0.015625
0 0.65390625 0.84453125 0.05625 0.040625
0 0.2859375 0.5984375 0.078125 0.059375