1 0.37421875 0.2328125 0.0609375 0.08046875
1 0.24375 0.615625 0.0625 0.08046875
1 0.3578125 0.7640625 0.05078125 0.06484375
1 0.1609375 0.76328125 0.053125 0.06796875
1 0.08125 0.584375 0.0640625 0.08046875
1 0.79609375 0.45859375 0.0640625 0.0625
1 0.91875 0.671875 0.03828125 0.0578125
1 0.959375 0.66015625 0.046875 0.05859375
0 0.12890625 0.546875 0.0546875 0.0625
0 0.4703125 0.34375 0.06640625 0.07265625
0 0.6984375 0.053125 0.0796875 0.09140625
0 0.6578125 0.984375 0.0515625 0.03046875
0 0.81171875 0.975 0.0453125 0.05
1 0.97734375 0.39609375 0.04453125 0.06171875
0 0.82109375 0.33203125 0.03828125 0.05390625
0 0.5859375 0.68203125 0.0578125 0.07421875