1 0.73359375 0.65234375 0.04375 0.05
1 0.60703125 0.6796875 0.0796875 0.053125
1 0.62109375 0.728125 0.059375 0.05
1 0.64453125 0.76640625 0.0640625 0.046875
1 0.63828125 0.31953125 0.059375 0.0546875
1 0.5875 0.29375 0.05 0.0421875
1 0.5296875 0.2765625 0.05 0.0375
1 0.47734375 0.27109375 0.05 0.046875
1 0.51484375 0.23515625 0.071875 0.05
1 0.525 0.05078125 0.046875 0.05
1 0.31796875 0.1359375 0.0515625 0.0546875
1 0.37421875 0.72734375 0.059375 0.053125
1 0.0640625 0.44140625 0.0625 0.05
1 0.09140625 0.484375 0.059375 0.05
1 0.1359375 0.52109375 0.05 0.0546875
1 0.18515625 0.5609375 0.05625 0.05625
1 0.2625 0.57421875 0.0609375 0.059375
1 0.15859375 0.64921875 0.05625 0.0421875
1 0.1421875 0.68359375 0.065625 0.04375
1 0.040625 0.26484375 0.05625 0.04375
1 0.0265625 0.22265625 0.053125 0.0453125
1 0.05078125 0.121875 0.0625 0.046875
1 0.03125 0.17578125 0.0625 0.0515625
1 0.3703125 0.95390625 0.06875 0.05625
0 0.50078125 0.18125 0.053125 0.046875
0 0.47421875 0.1078125 0.05 0.046875
0 0.3390625 0.53515625 0.0546875 0.053125