1 0.3859375 0.94921875 0.0671875 0.0625
1 0.6203125 0.9015625 0.053125 0.05
1 0.64375 0.29453125 0.059375 0.053125
0 0.6890625 0.88984375 0.059375 0.0609375
0 0.071875 0.80625 0.059375 0.046875
0 0.06796875 0.61640625 0.0765625 0.0640625
0 0.36640625 0.46640625 0.0921875 0.0703125
0 0.5140625 0.5390625 0.05625 0.04375
0 0.5359375 0.57890625 0.0546875 0.0421875
0 0.90234375 0.63125 0.0625 0.0546875
0 0.9515625 0.353125 0.075 0.0625
0 0.86953125 0.265625 0.084375 0.0625
0 0.4796875 0.31953125 0.05625 0.059375
1 0.44453125 0.2765625 0.078125 0.0515625
0 0.77265625 0.16328125 0.05625 0.0625
0 0.2609375 0.2171875 0.053125 0.0390625
0 0.08984375 0.2625 0.053125 0.04375
0 0.08046875 0.21484375 0.06875 0.04375
0 0.07734375 0.11328125 0.053125 0.0375
0 0.1125 0.0765625 0.0703125 0.0515625