1 0.534375 0.42265625 0.0546875 0.046875
1 0.6046875 0.41484375 0.06875 0.05625
1 0.5625 0.4703125 0.0703125 0.0515625
1 0.546875 0.80703125 0.08125 0.0703125
1 0.965625 0.8828125 0.06875 0.05625
1 0.17578125 0.01875 0.0625 0.0375
0 0.11171875 0.021875 0.0515625 0.04375
0 0.40703125 0.21640625 0.059375 0.046875
0 0.4734375 0.2421875 0.078125 0.053125
0 0.74453125 0.359375 0.0640625 0.05
0 0.79765625 0.32734375 0.0703125 0.05625
0 0.8515625 0.17421875 0.059375 0.053125
0 0.809375 0.13828125 0.059375 0.040625
0 0.7328125 0.18515625 0.059375 0.04375
0 0.21171875 0.80234375 0.059375 0.0484375
0 0.89921875 0.921875 0.065625 0.04375