1 0.19140625 0.23828125 0.0625 0.06484375
1 0.38203125 0.09765625 0.0640625 0.08046875
1 0.690625 0.13515625 0.04296875 0.0515625
1 0.740625 0.1359375 0.04765625 0.05546875
1 0.88984375 0.1921875 0.04921875 0.0578125
1 0.58046875 0.38359375 0.04609375 0.05546875
1 0.70390625 0.53125 0.04765625 0.0703125
1 0.628125 0.55078125 0.04453125 0.059375
0 0.21875 0.396875 0.06484375 0.078125
0 0.09453125 0.03359375 0.0609375 0.0671875
0 0.58046875 0.328125 0.06015625 0.059375
0 0.984375 0.41796875 0.03125 0.0734375
0 0.9796875 0.515625 0.040625 0.065625
0 0.83671875 0.84921875 0.053125 0.06484375
0 0.6671875 0.57734375 0.04140625 0.05078125