1 0.43125 0.528125 0.04453125 0.05234375
1 0.4234375 0.59609375 0.0546875 0.065625
1 0.47734375 0.5546875 0.05 0.06796875
1 0.80390625 0.53984375 0.06796875 0.07734375
1 0.87734375 0.94609375 0.05390625 0.06640625
1 0.03125 0.18125 0.05390625 0.0609375
0 0.0421875 0.11953125 0.04609375 0.04921875
0 0.23125 0.4046875 0.0453125 0.05703125
0 0.25703125 0.46953125 0.0515625 0.075
0 0.36953125 0.73203125 0.04921875 0.0625
0 0.3390625 0.7828125 0.05546875 0.06796875
0 0.19140625 0.83515625 0.0515625 0.05859375
0 0.15546875 0.79453125 0.03984375 0.0578125
0 0.2015625 0.7203125 0.0421875 0.05859375
0 0.79921875 0.215625 0.046875 0.05859375
0 0.91484375 0.88125 0.0421875 0.0625