1 0.33203125 0.0171875 0.0734375 0.034375
1 0.5890625 0.05390625 0.05625 0.0546875
1 0.61484375 0.71640625 0.065625 0.0578125
0 0.6640625 0.06640625 0.065625 0.065625
0 0.0109375 0.15703125 0.021875 0.0515625
0 0.01328125 0.36484375 0.0265625 0.0703125
0 0.31171875 0.52890625 0.1 0.0765625
0 0.47265625 0.44921875 0.0625 0.046875
0 0.49765625 0.40625 0.059375 0.0453125
0 0.8984375 0.34921875 0.06875 0.059375
0 0.95234375 0.653125 0.08125 0.0671875
0 0.86171875 0.74765625 0.09375 0.06875
0 0.4359375 0.6890625 0.0625 0.065625
1 0.396875 0.73671875 0.084375 0.05625
0 0.75625 0.86015625 0.0625 0.0671875
0 0.19609375 0.8015625 0.05625 0.0421875
0 0.01953125 0.75078125 0.0390625 0.046875
0 0.01796875 0.803125 0.034375 0.0484375
0 0.01171875 0.91328125 0.0234375 0.0421875
0 0.0359375 0.95390625 0.071875 0.05625