1 0.23359375 0.8078125 0.065625 0.0625
1 0.090625 0.61484375 0.08125 0.065625
1 0.1296875 0.30078125 0.053125 0.04375
1 0.1296875 0.24921875 0.05625 0.0484375
1 0.1875 0.0984375 0.059375 0.05
1 0.38125 0.41328125 0.05625 0.046875
1 0.53203125 0.2875 0.071875 0.0484375
1 0.5515625 0.3640625 0.059375 0.0453125
0 0.3953125 0.78046875 0.0796875 0.065625
0 0.03046875 0.90625 0.059375 0.0625
0 0.325 0.41328125 0.059375 0.0609375
0 0.41640625 0.00859375 0.075 0.0171875
0 0.515625 0.0140625 0.065625 0.028125
0 0.85546875 0.15234375 0.065625 0.053125
0 0.57890625 0.325 0.0515625 0.0421875