1 0.54140625 0.32265625 0.0625 0.0875
1 0.29296875 0.234375 0.05 0.0484375
1 0.2953125 0.2890625 0.053125 0.053125
1 0.32265625 0.3296875 0.05 0.065625
1 0.22578125 0.86953125 0.05 0.0640625
1 0.04765625 0.60703125 0.0578125 0.065625
1 0.8734375 0.9734375 0.04375 0.053125
1 0.83359375 0.9546875 0.05 0.0671875
1 0.80390625 0.91875 0.0453125 0.05625
1 0.7703125 0.88359375 0.05 0.05
1 0.7484375 0.840625 0.05 0.065625
1 0.38125 0.63203125 0.04375 0.053125
0 0.38125 0.50625 0.0578125 0.078125
0 0.47734375 0.68046875 0.06875 0.075
0 0.63046875 0.690625 0.0375 0.053125
0 0.6640625 0.74375 0.0625 0.06875
0 0.72109375 0.7953125 0.05625 0.053125
0 0.98125 0.9546875 0.0375 0.0609375
0 0.9109375 0.50078125 0.05 0.0546875
0 0.9734375 0.14140625 0.053125 0.0625