1 0.45546875 0.31875 0.0609375 0.0859375
1 0.6984375 0.23203125 0.04765625 0.04765625
1 0.696875 0.28671875 0.0515625 0.05234375
1 0.66953125 0.32578125 0.05 0.0640625
1 0.76484375 0.8546875 0.04921875 0.0625
1 0.93984375 0.59765625 0.05625 0.0640625
1 0.13046875 0.96015625 0.0421875 0.05546875
1 0.16875 0.9375 0.04765625 0.065625
1 0.1984375 0.903125 0.04453125 0.0546875
1 0.23125 0.86875 0.0484375 0.04921875
1 0.25234375 0.8265625 0.05 0.0640625
1 0.6125 0.621875 0.04296875 0.053125
0 0.6125 0.4984375 0.05625 0.07578125
0 0.51875 0.66953125 0.06875 0.07265625
0 0.36796875 0.6796875 0.0375 0.05234375
0 0.33515625 0.73125 0.06015625 0.0671875
0 0.2796875 0.78203125 0.05546875 0.05078125
0 0.021875 0.93828125 0.04375 0.06015625
0 0.09296875 0.49296875 0.04921875 0.05390625
0 0.03203125 0.1421875 0.053125 0.0609375