1 0.471875 0.56875 0.053125 0.04375
1 0.40390625 0.5765625 0.065625 0.0546875
1 0.4453125 0.52265625 0.06875 0.05
1 0.46015625 0.19609375 0.078125 0.06875
1 0.05390625 0.12265625 0.065625 0.053125
1 0.81875 0.96875 0.0609375 0.053125
0 0.88046875 0.9578125 0.05 0.046875
0 0.5953125 0.76875 0.05625 0.0453125
0 0.53046875 0.74296875 0.075 0.0515625
0 0.26796875 0.63046875 0.0625 0.05
0 0.2171875 0.6609375 0.06875 0.05625
0 0.16484375 0.80859375 0.059375 0.0515625
0 0.20546875 0.84453125 0.0578125 0.040625
0 0.2796875 0.7984375 0.059375 0.0421875
0 0.784375 0.20078125 0.059375 0.046875
0 0.11875 0.08515625 0.0625 0.0421875