1 0.05078125 0.3859375 0.0625 0.0671875
1 0.0984375 0.6203125 0.05 0.05234375
1 0.70546875 0.64375 0.053125 0.059375
0 0.11015625 0.6890625 0.0609375 0.06015625
0 0.19375 0.071875 0.046875 0.059375
0 0.38359375 0.06796875 0.0640625 0.0765625
0 0.53359375 0.36640625 0.0703125 0.0921875
0 0.4609375 0.5140625 0.04375 0.05625
0 0.42109375 0.5359375 0.0421875 0.0546875
0 0.36875 0.90234375 0.0546875 0.0625
0 0.646875 0.9515625 0.06171875 0.075
0 0.734375 0.86953125 0.0625 0.08515625
0 0.68046875 0.4796875 0.059375 0.05703125
1 0.7234375 0.44453125 0.0515625 0.078125
0 0.83671875 0.77265625 0.06171875 0.05703125
0 0.7828125 0.2609375 0.0390625 0.05234375
0 0.7375 0.08984375 0.04453125 0.053125
0 0.78515625 0.08046875 0.04453125 0.06796875
0 0.88671875 0.07734375 0.03828125 0.05234375
0 0.9234375 0.1125 0.0515625 0.0703125