1 0.65390625 0.7328125 0.0484375 0.04375
1 0.68046875 0.6078125 0.053125 0.07890625
1 0.72890625 0.621875 0.04921875 0.059375
1 0.7671875 0.6453125 0.0453125 0.0640625
1 0.325 0.6390625 0.0546875 0.05859375
1 0.2984375 0.58828125 0.0421875 0.04921875
1 0.28203125 0.53125 0.03671875 0.0484375
1 0.2765625 0.4796875 0.046875 0.05
1 0.24140625 0.5171875 0.0484375 0.0703125
1 0.059375 0.52734375 0.04921875 0.04765625
1 0.14296875 0.321875 0.05390625 0.0515625
1 0.728125 0.37734375 0.0515625 0.0578125
1 0.4453125 0.0703125 0.05078125 0.06171875
1 0.48828125 0.09765625 0.05 0.05859375
1 0.5234375 0.1421875 0.05390625 0.05078125
1 0.56328125 0.190625 0.05625 0.05546875
1 0.5765625 0.2671875 0.0578125 0.06015625
1 0.65078125 0.1640625 0.04140625 0.0546875
1 0.68515625 0.1484375 0.04375 0.0640625
1 0.2703125 0.04765625 0.0421875 0.05625
1 0.22890625 0.03359375 0.04453125 0.05234375
1 0.12890625 0.05703125 0.046875 0.06328125
1 0.18359375 0.03828125 0.05 0.065625
1 0.9515625 0.3734375 0.05546875 0.0671875
0 0.1875 0.503125 0.04609375 0.05390625
0 0.11484375 0.4765625 0.04609375 0.05
0 0.5375 0.34296875 0.0515625 0.05390625