1 0.3765625 0.06640625 0.05859375 0.07578125
1 0.2796875 0.79921875 0.0578125 0.071875
1 0.9484375 0.2140625 0.05625 0.06796875
1 0.83046875 0.04140625 0.0453125 0.05625
0 0.0484375 0.2109375 0.06328125 0.0859375
0 0.02578125 0.94375 0.0515625 0.08984375
0 0.59921875 0.48984375 0.06328125 0.06875
0 0.7359375 0.6109375 0.06171875 0.0765625
0 0.978125 0.5390625 0.04375 0.071875
0 0.93671875 0.44453125 0.0515625 0.06640625
0 0.7484375 0.15859375 0.07109375 0.096875
0 0.85546875 0.096875 0.06171875 0.071875