1 0.7390625 0.34453125 0.04375 0.05
1 0.61171875 0.3171875 0.08125 0.053125
1 0.62578125 0.26875 0.059375 0.05
1 0.64921875 0.2296875 0.065625 0.046875
1 0.64375 0.67890625 0.059375 0.05625
1 0.5921875 0.70546875 0.05 0.04375
1 0.534375 0.721875 0.05 0.0375
1 0.48125 0.728125 0.05 0.046875
1 0.51953125 0.76328125 0.071875 0.05
1 0.5296875 0.9484375 0.0484375 0.05
1 0.32109375 0.8640625 0.053125 0.0546875
1 0.37734375 0.26875 0.059375 0.053125
1 0.065625 0.55625 0.0625 0.0515625
1 0.09296875 0.51328125 0.059375 0.05
1 0.13828125 0.4765625 0.0515625 0.0546875
1 0.1875 0.43671875 0.05625 0.05625
1 0.26484375 0.4234375 0.0625 0.059375
1 0.1609375 0.34765625 0.05625 0.0421875
1 0.14453125 0.31328125 0.065625 0.04375
1 0.0421875 0.73359375 0.0578125 0.04375
1 0.02734375 0.77578125 0.053125 0.0453125
1 0.0515625 0.878125 0.0640625 0.0484375
1 0.03203125 0.82265625 0.0640625 0.0515625
1 0.3734375 0.04140625 0.06875 0.05625
0 0.50546875 0.81796875 0.0546875 0.046875
0 0.478125 0.89140625 0.05 0.046875
0 0.3421875 0.4625 0.0546875 0.053125