1 0.31171875 0.39609375 0.053125 0.05703125
1 0.37734375 0.5703125 0.04609375 0.0453125
1 0.37890625 0.6546875 0.0453125 0.0484375
1 0.37265625 0.70625 0.04453125 0.0578125
1 0.21328125 0.75859375 0.0421875 0.0515625
1 0.33671875 0.90703125 0.04765625 0.05546875
1 0.378125 0.88046875 0.0375 0.05234375
1 0.91171875 0.953125 0.05234375 0.06953125
1 0.84453125 0.51875 0.04140625 0.0515625
1 0.16796875 0.7703125 0.05078125 0.078125
1 0.696875 0.95703125 0.059375 0.06484375
0 0.5984375 0.35625 0.053125 0.0703125
1 0.67265625 0.06328125 0.03984375 0.053125
0 0.35859375 0.51796875 0.0546875 0.059375
1 0.3546875 0.7515625 0.04140625 0.05234375
1 0.81328125 0.56328125 0.0453125 0.05625
0 0.646875 0.1109375 0.04921875 0.06953125
0 0.8671875 0.26875 0.05078125 0.07109375
1 0.91171875 0.271875 0.03984375 0.0515625