1 0.31171875 0.60390625 0.053125 0.05625
1 0.37734375 0.4296875 0.046875 0.0453125
1 0.37890625 0.3453125 0.0453125 0.0484375
1 0.37265625 0.29375 0.04375 0.0578125
1 0.21328125 0.24140625 0.0421875 0.0515625
1 0.33671875 0.09296875 0.046875 0.05625
1 0.378125 0.11953125 0.0375 0.053125
1 0.91171875 0.046875 0.053125 0.06875
1 0.84453125 0.48125 0.040625 0.0515625
1 0.16796875 0.2296875 0.05 0.078125
1 0.696875 0.04296875 0.059375 0.065625
0 0.5984375 0.64375 0.053125 0.0703125
1 0.67265625 0.93671875 0.040625 0.053125
0 0.35859375 0.48203125 0.0546875 0.059375
1 0.3546875 0.2484375 0.040625 0.053125
1 0.81328125 0.43671875 0.0453125 0.05625
0 0.646875 0.8890625 0.05 0.06875
0 0.8671875 0.73125 0.05 0.071875
1 0.91171875 0.728125 0.040625 0.0515625