1 0.578125 0.30625 0.0625 0.05625
1 0.390625 0.3765625 0.0484375 0.05
1 0.3 0.37890625 0.053125 0.05
1 0.24453125 0.371875 0.0625 0.046875
1 0.1890625 0.20078125 0.0546875 0.0453125
1 0.03046875 0.3328125 0.059375 0.0515625
1 0.0578125 0.37734375 0.05625 0.040625
1 0.009375 0.95 0.01875 0.05625
1 0.44609375 0.878125 0.05625 0.04375
1 0.1765625 0.15234375 0.084375 0.0546875
0 0.6203125 0.6140625 0.075 0.05625
1 0.9359375 0.69375 0.05625 0.04375
0 0.44765625 0.35625 0.0640625 0.059375
1 0.19609375 0.35234375 0.05625 0.04375
1 0.3984375 0.84453125 0.059375 0.0484375
0 0.884375 0.66640625 0.075 0.053125
0 0.71484375 0.903125 0.075 0.0546875
1 0.7109375 0.95 0.05625 0.04375