1 0.3390625 0.40546875 0.075 0.078125
1 0.18828125 0.8796875 0.08125 0.065625
1 0.7015625 0.2796875 0.075 0.0625
1 0.6765625 0.4765625 0.065625 0.0546875
0 0.5734375 0.3375 0.0828125 0.065625
0 0.5984375 0.39453125 0.08125 0.059375
0 0.6265625 0.4375 0.059375 0.046875
0 0.61796875 0.4875 0.05625 0.053125
0 0.659375 0.525 0.071875 0.0515625
0 0.7421875 0.3765625 0.06875 0.0546875
0 0.95703125 0.4578125 0.059375 0.053125
0 0.953125 0.5140625 0.075 0.059375
0 0.91015625 0.5625 0.075 0.065625
0 0.65234375 0.57109375 0.065625 0.04375
0 0.83203125 0.828125 0.075 0.0609375
0 0.94375 0.98359375 0.06875 0.0328125