1 0.39375 0.615625 0.071875 0.0703125
1 0.8328125 0.75625 0.06015625 0.075
1 0.27734375 0.2796875 0.0578125 0.06875
1 0.459375 0.30234375 0.05078125 0.0609375
0 0.33125 0.3984375 0.06015625 0.0765625
0 0.38359375 0.375 0.05546875 0.075
0 0.42265625 0.34921875 0.04296875 0.05390625
0 0.46953125 0.35703125 0.0484375 0.0515625
0 0.5046875 0.31953125 0.04765625 0.065625
0 0.36640625 0.2421875 0.05078125 0.0640625
0 0.4421875 0.04296875 0.04921875 0.0546875
0 0.49453125 0.04609375 0.05625 0.06875
0 0.5390625 0.08671875 0.06015625 0.06875
0 0.546875 0.32578125 0.04140625 0.06015625
0 0.78515625 0.15859375 0.05625 0.06953125
0 0.9625 0.94609375 0.0625 0.0796875
0 0.96796875 0.11015625 0.0546875 0.0734375
0 0.94453125 0.05546875 0.059375 0.06484375