1 0.37890625 0.3828125 0.078125 0.075
1 0.84765625 0.23359375 0.0640625 0.0796875
1 0.2546875 0.7421875 0.0625 0.071875
1 0.44921875 0.7171875 0.0546875 0.065625
0 0.3125 0.61484375 0.0640625 0.08125
0 0.36796875 0.63984375 0.059375 0.0796875
0 0.41015625 0.6671875 0.0453125 0.0578125
0 0.46015625 0.659375 0.053125 0.0546875
0 0.49765625 0.69921875 0.05 0.0703125
0 0.35 0.78125 0.053125 0.06875
0 0.4296875 0.9828125 0.0515625 0.034375
0 0.4859375 0.97734375 0.059375 0.0453125
0 0.534375 0.94765625 0.0640625 0.0734375
0 0.5421875 0.6921875 0.04375 0.0640625
0 0.796875 0.8703125 0.059375 0.075
0 0.97578125 0.03671875 0.0484375 0.0734375
0 0.98046875 0.92265625 0.0375 0.078125
0 0.965625 0.9734375 0.0625 0.053125