1 0.03515625 0.7140625 0.05859375 0.06953125
1 0.2890625 0.8859375 0.0515625 0.059375
1 0.6828125 0.9078125 0.05625 0.06171875
1 0.87265625 0.1390625 0.046875 0.06484375
1 0.3484375 0.065625 0.053125 0.0625
0 0.084375 0.47109375 0.07421875 0.07265625
0 0.0390625 0.86328125 0.078125 0.08046875
0 0.19375 0.88046875 0.0625 0.08359375
0 0.42109375 0.49609375 0.06875 0.0859375
0 0.38671875 0.26796875 0.05859375 0.08828125
0 0.53984375 0.1953125 0.0609375 0.05703125
0 0.7203125 0.08828125 0.0703125 0.09375
0 0.92578125 0.4296875 0.0625 0.06796875
0 0.9796875 0.86875 0.03984375 0.05859375
0 0.54296875 0.02421875 0.0921875 0.0484375