1 0.29375 0.98125 0.071875 0.0375
1 0.11328125 0.72890625 0.0625 0.0546875
1 0.090625 0.31953125 0.0640625 0.0578125
1 0.8890625 0.1234375 0.0671875 0.0484375
1 0.965625 0.66640625 0.065625 0.0546875
0 0.54375 0.94140625 0.075 0.078125
0 0.13671875 0.9734375 0.084375 0.053125
0 0.11875 0.828125 0.0875 0.065625
0 0.51796875 0.59140625 0.0890625 0.071875
0 0.7546875 0.62734375 0.0921875 0.0609375
0 0.83046875 0.46796875 0.059375 0.0625
0 0.94140625 0.28046875 0.096875 0.071875
0 0.5875 0.06796875 0.0703125 0.065625
0 0.13125 0.01640625 0.0609375 0.03125
0 0.99140625 0.46484375 0.0171875 0.0953125