1 0.6984375 0.009375 0.075 0.01875
1 0.88203125 0.25703125 0.0625 0.05625
1 0.90546875 0.675 0.065625 0.059375
1 0.0890625 0.87578125 0.06875 0.05
1 0.021875 0.31953125 0.04375 0.05625
0 0.44140625 0.0390625 0.0765625 0.078125
0 0.8578125 0.01640625 0.084375 0.0328125
0 0.87578125 0.15546875 0.0875 0.065625
0 0.46796875 0.396875 0.090625 0.071875
0 0.2265625 0.3609375 0.09375 0.0625
0 0.1484375 0.5234375 0.0609375 0.0640625
0 0.04296875 0.71484375 0.084375 0.075
0 0.39765625 0.9328125 0.071875 0.065625
0 0.8640625 0.984375 0.0625 0.03125