1 0.05078125 0.2953125 0.06640625 0.06484375
1 0.3328125 0.41015625 0.05546875 0.07578125
1 0.26640625 0.2734375 0.0578125 0.0796875
1 0.8375 0.50546875 0.05703125 0.06796875
1 0.57890625 0.8703125 0.0546875 0.05859375
1 0.47421875 0.3359375 0.05 0.06796875
0 0.26484375 0.4828125 0.0609375 0.06484375
0 0.621875 0.2515625 0.06875 0.06484375
0 0.728125 0.09609375 0.07421875 0.09375
0 0.8828125 0.86953125 0.06640625 0.06796875
0 0.02421875 0.5546875 0.0484375 0.06640625
0 0.015625 0.0734375 0.03125 0.06796875