1 0.96640625 0.7765625 0.065625 0.075
1 0.771875 0.92734375 0.046875 0.0609375
1 0.73671875 0.90546875 0.0484375 0.0625
1 0.61953125 0.76953125 0.05 0.06875
1 0.465625 0.846875 0.0609375 0.090625
1 0.4234375 0.8828125 0.0484375 0.06875
1 0.3828125 0.909375 0.05 0.065625
1 0.2421875 0.846875 0.0453125 0.0640625
1 0.76015625 0.4140625 0.040625 0.0625
1 0.80625 0.4203125 0.05 0.0625
1 0.8125 0.359375 0.046875 0.059375
1 0.715625 0.11875 0.046875 0.06875
1 0.0296875 0.31796875 0.05 0.0625
0 0.4546875 0.5421875 0.0734375 0.071875
1 0.2015625 0.57734375 0.0390625 0.06875
1 0.16015625 0.58125 0.04375 0.0703125
0 0.13046875 0.69140625 0.0546875 0.0734375
0 0.68046875 0.14921875 0.04375 0.065625
0 0.2609375 0.8953125 0.0515625 0.0625
0 0.01484375 0.38203125 0.0296875 0.08125