1 0.16875 0.775 0.04609375 0.053125
0 0.03828125 0.37421875 0.05 0.06640625
0 0.075 0.3546875 0.04765625 0.05625
0 0.55859375 0.5609375 0.0546875 0.05703125
1 0.38046875 0.89765625 0.0390625 0.05703125
1 0.76640625 0.9453125 0.05078125 0.06640625
0 0.3109375 0.48046875 0.06640625 0.0859375
0 0.134375 0.71171875 0.06328125 0.06640625
0 0.11953125 0.78359375 0.05390625 0.059375
0 0.3390625 0.89609375 0.04609375 0.06796875
0 0.55390625 0.71953125 0.05390625 0.0671875
0 0.51328125 0.90078125 0.05390625 0.04921875
0 0.72421875 0.753125 0.04296875 0.06796875
0 0.8078125 0.759375 0.0453125 0.0703125
1 0.76484375 0.7734375 0.03671875 0.06171875