1 0.78515625 0.83515625 0.053125 0.046875
0 0.37578125 0.96796875 0.06875 0.0515625
0 0.35625 0.93046875 0.05625 0.0484375
0 0.5671875 0.43671875 0.059375 0.05625
1 0.91015625 0.61875 0.059375 0.0390625
1 0.959375 0.225 0.06875 0.0515625
0 0.484375 0.68984375 0.0875 0.06875
0 0.7203125 0.86953125 0.0671875 0.065625
0 0.79375 0.88515625 0.059375 0.05625
0 0.90859375 0.6609375 0.06875 0.046875
0 0.728125 0.4421875 0.06875 0.05625
0 0.91328125 0.48359375 0.05 0.05625
0 0.76328125 0.26796875 0.06875 0.04375
0 0.76953125 0.1828125 0.071875 0.046875
1 0.78359375 0.2265625 0.0625 0.0375