1 0.8765625 0.19765625 0.05 0.0578125
0 0.9765625 0.66015625 0.046875 0.0625
0 0.4484375 0.4328125 0.059375 0.0625
1 0.64453125 0.06328125 0.04375 0.0625
1 0.22109375 0.0234375 0.05625 0.046875
0 0.72109375 0.52109375 0.071875 0.09375
0 0.9140625 0.2671875 0.06875 0.071875
0 0.93046875 0.18828125 0.059375 0.065625
0 0.68984375 0.06484375 0.05 0.075
0 0.45390625 0.259375 0.059375 0.0734375
0 0.4984375 0.06015625 0.059375 0.053125
0 0.26640625 0.221875 0.046875 0.075
0 0.175 0.21484375 0.05 0.078125
1 0.221875 0.2 0.040625 0.0671875