1 0.0453125 0.73828125 0.0625 0.0703125
1 0.2296875 0.88125 0.04296875 0.0578125
1 0.2625 0.86015625 0.04609375 0.05859375
1 0.37421875 0.73125 0.0484375 0.06484375
1 0.51953125 0.8046875 0.0578125 0.08515625
1 0.56015625 0.8390625 0.04609375 0.06484375
1 0.5984375 0.8640625 0.04765625 0.06328125
1 0.73203125 0.80546875 0.04296875 0.06015625
1 0.240625 0.39453125 0.0375 0.05859375
1 0.196875 0.4 0.046875 0.05859375
1 0.190625 0.34296875 0.04453125 0.05625
1 0.2828125 0.11484375 0.04453125 0.06640625
1 0.93359375 0.303125 0.04765625 0.05859375
0 0.53046875 0.51640625 0.06953125 0.06796875
1 0.77109375 0.54921875 0.0375 0.06484375
1 0.809375 0.553125 0.040625 0.0671875
0 0.83828125 0.65703125 0.05234375 0.06953125
0 0.31640625 0.14296875 0.04296875 0.06171875
0 0.7140625 0.85078125 0.0484375 0.059375
0 0.9625 0.365625 0.05703125 0.07734375