0 0.1125 0.38515625 0.0609375 0.06953125
1 0.3921875 0.18046875 0.0484375 0.05703125
1 0.4984375 0.1484375 0.0609375 0.0828125
1 0.9046875 0.62109375 0.04609375 0.0609375
1 0.47734375 0.553125 0.0421875 0.0625
1 0.91953125 0.49140625 0.040625 0.05625
0 0.1125 0.08984375 0.071875 0.07578125
0 0.5140625 0.578125 0.04921875 0.06640625
0 0.6453125 0.46171875 0.07109375 0.0703125
0 0.87578125 0.484375 0.04453125 0.05703125
0 0.83515625 0.521875 0.05 0.06640625
0 0.90234375 0.7640625 0.06640625 0.0890625
0 0.3625 0.95546875 0.0671875 0.078125