0 0.63203125 0.09140625 0.071875 0.0625
1 0.8453125 0.3828125 0.059375 0.05
1 0.87890625 0.49453125 0.0859375 0.0625
1 0.3859375 0.91796875 0.0625 0.0484375
1 0.45703125 0.47265625 0.065625 0.04375
1 0.52109375 0.93359375 0.059375 0.04375
0 0.93984375 0.09140625 0.078125 0.075
0 0.4296875 0.5109375 0.06875 0.0515625
0 0.55234375 0.64765625 0.0734375 0.075
0 0.528125 0.88828125 0.059375 0.046875
0 0.4890625 0.84609375 0.06875 0.053125
0 0.23671875 0.915625 0.09375 0.0703125
0 0.0390625 0.35234375 0.078125 0.0703125