1 0.7359375 0.96328125 0.0765625 0.06875
1 0.89140625 0.7625 0.0625 0.046875
1 0.86875 0.7265625 0.0640625 0.05
1 0.72890625 0.60625 0.0703125 0.053125
1 0.80859375 0.44765625 0.0921875 0.0625
1 0.8453125 0.40390625 0.0703125 0.05
1 0.87265625 0.3625 0.06875 0.0515625
1 0.80859375 0.21796875 0.065625 0.046875
1 0.36328125 0.75078125 0.0640625 0.040625
1 0.36953125 0.7984375 0.0640625 0.05
1 0.30625 0.8046875 0.0625 0.0484375
1 0.05859375 0.7046875 0.071875 0.0484375
1 0.2625 0.01328125 0.0625 0.0265625
0 0.49453125 0.43671875 0.075 0.075
1 0.53125 0.17578125 0.071875 0.040625
1 0.534375 0.13359375 0.071875 0.04375
0 0.6484375 0.10234375 0.075 0.05625
0 0.08984375 0.66875 0.0671875 0.046875
0 0.8578125 0.2375 0.065625 0.053125