1 0.08515625 0.59375 0.0515625 0.0671875
1 0.4921875 0.83671875 0.04375 0.0484375
1 0.909375 0.95 0.04609375 0.0484375
1 0.928125 0.753125 0.04296875 0.0625
1 0.88359375 0.728125 0.0421875 0.06171875
1 0.6265625 0.3890625 0.04296875 0.05
1 0.49453125 0.56171875 0.04609375 0.07578125
1 0.42421875 0.059375 0.05234375 0.07265625
1 0.45390625 0.19453125 0.0421875 0.05625
0 0.5578125 0.146875 0.05 0.065625
1 0.91171875 0.08515625 0.04609375 0.05078125
1 0.90390625 0.13359375 0.04375 0.04765625
0 0.33515625 0.953125 0.0515625 0.06484375
0 0.540625 0.55234375 0.0421875 0.06640625
0 0.70625 0.38671875 0.0625 0.07421875
0 0.86484375 0.165625 0.04765625 0.0703125