1 0.61171875 0.0640625 0.071875 0.05625
1 0.8734375 0.50078125 0.053125 0.046875
1 0.98359375 0.94765625 0.0328125 0.0484375
1 0.7828125 0.96875 0.0671875 0.046875
1 0.75625 0.92109375 0.065625 0.0453125
1 0.3921875 0.64453125 0.053125 0.046875
1 0.578125 0.503125 0.08125 0.05
1 0.03828125 0.42734375 0.075 0.05625
1 0.1828125 0.459375 0.059375 0.0453125
0 0.13203125 0.571875 0.0703125 0.053125
1 0.065625 0.95078125 0.0546875 0.05
1 0.11796875 0.94296875 0.05 0.046875
0 0.98046875 0.33125 0.0390625 0.05625
0 0.5671875 0.553125 0.071875 0.0453125
0 0.38984375 0.73125 0.0796875 0.0671875
0 0.15234375 0.90078125 0.075 0.0515625