1 0.5984375 0.96171875 0.071875 0.0546875
1 0.85703125 0.5296875 0.0515625 0.046875
1 0.975 0.08828125 0.05 0.0484375
1 0.76796875 0.0671875 0.065625 0.046875
1 0.74140625 0.1140625 0.065625 0.04375
1 0.38125 0.3875 0.053125 0.046875
1 0.56484375 0.52734375 0.0796875 0.05
1 0.034375 0.603125 0.06875 0.0546875
1 0.17421875 0.5703125 0.059375 0.04375
0 0.1234375 0.46015625 0.06875 0.053125
1 0.0578125 0.08515625 0.053125 0.0484375
1 0.11015625 0.0921875 0.05 0.046875
0 0.971875 0.69765625 0.05625 0.0546875
0 0.5546875 0.478125 0.071875 0.04375
0 0.37890625 0.30234375 0.078125 0.065625
0 0.14375 0.134375 0.075 0.05