1 0.36015625 0.0578125 0.071875 0.046875
1 0.296875 0.36640625 0.053125 0.0515625
1 0.82890625 0.46328125 0.059375 0.0453125
1 0.86171875 0.50703125 0.0765625 0.053125
1 0.6453125 0.97578125 0.059375 0.0484375
1 0.13515625 0.6765625 0.059375 0.04375
0 0.65625 0.0234375 0.0671875 0.046875
0 0.725 0.178125 0.0625 0.05625
0 0.35546875 0.37265625 0.0515625 0.05
0 0.19453125 0.6234375 0.053125 0.040625
0 0.19609375 0.6671875 0.05625 0.046875
0 0.16953125 0.71640625 0.075 0.0546875
0 0.78828125 0.98515625 0.071875 0.0296875