1 0.0609375 0.3609375 0.046875 0.07265625
1 0.3671875 0.2984375 0.0515625 0.053125
1 0.46328125 0.82734375 0.0453125 0.059375
1 0.50703125 0.859375 0.053125 0.0765625
1 0.97265625 0.64453125 0.04765625 0.06015625
1 0.675 0.1375 0.04296875 0.059375
0 0.025 0.65546875 0.05 0.06640625
0 0.1796875 0.7234375 0.05703125 0.0625
0 0.3734375 0.35625 0.04921875 0.0515625
0 0.62265625 0.19609375 0.040625 0.0515625
0 0.665625 0.19765625 0.04765625 0.05625
0 0.71484375 0.17109375 0.053125 0.075
0 0.98359375 0.7859375 0.0328125 0.071875