1 0.2984375 0.0640625 0.0625 0.07578125
1 0.5078125 0.8234375 0.06015625 0.06640625
1 0.08203125 0.1 0.04296875 0.0609375
1 0.046875 0.13359375 0.0359375 0.0515625
0 0.071875 0.6359375 0.0703125 0.0921875
0 0.0921875 0.1703125 0.0484375 0.065625
0 0.28515625 0.92421875 0.053125 0.0671875
0 0.8359375 0.48046875 0.05 0.07421875
0 0.765625 0.35234375 0.05703125 0.0703125
0 0.75859375 0.28515625 0.04765625 0.06015625
0 0.88359375 0.47109375 0.0609375 0.09375
1 0.0359375 0.19765625 0.05546875 0.07421875