1 0.11875 0.590625 0.06875 0.059375
1 0.16328125 0.56171875 0.05 0.053125
1 0.746875 0.51015625 0.046875 0.046875
1 0.7875 0.5453125 0.065625 0.053125
1 0.90703125 0.80546875 0.0671875 0.05625
1 0.95625 0.77265625 0.071875 0.05625
1 0.54375 0.72890625 0.05 0.0390625
1 0.5734375 0.69375 0.0578125 0.05
1 0.6 0.728125 0.0671875 0.046875
1 0.415625 0.87265625 0.053125 0.046875
1 0.46171875 0.84140625 0.0671875 0.040625
0 0.0734375 0.63046875 0.071875 0.065625
0 0.09765625 0.31015625 0.078125 0.0578125
0 0.19609375 0.12421875 0.078125 0.0625
0 0.68828125 0.2421875 0.0625 0.04375
1 0.73828125 0.25859375 0.046875 0.0515625
0 0.953125 0.71171875 0.075 0.0578125
0 0.8953125 0.74140625 0.05625 0.040625
0 0.66953125 0.728125 0.0625 0.05
0 0.6265625 0.77578125 0.065625 0.04375
1 0.4703125 0.8875 0.0484375 0.0375
1 0.653125 0.81796875 0.059375 0.0390625