1 0.86953125 0.559375 0.05625 0.065625
1 0.8265625 0.51328125 0.040625 0.0671875
1 0.87421875 0.48515625 0.065625 0.0859375
1 0.4 0.84765625 0.04375 0.0421875
1 0.3515625 0.8109375 0.05 0.06875
1 0.05703125 0.82734375 0.065625 0.075
1 0.0765625 0.7453125 0.0578125 0.0671875
1 0.02734375 0.10703125 0.0546875 0.0734375
0 0.353125 0.06171875 0.0625 0.0828125
0 0.3828125 0.12109375 0.0625 0.06875
0 0.5890625 0.13671875 0.065625 0.06875
0 0.50234375 0.53359375 0.0765625 0.084375
0 0.44375 0.81328125 0.0453125 0.05625
0 0.32734375 0.7421875 0.065625 0.071875
0 0.3984375 0.7765625 0.0515625 0.075
0 0.11796875 0.81171875 0.059375 0.075