1 0.40078125 0.8953125 0.059375 0.0703125
1 0.4296875 0.85 0.05625 0.05
1 0.4828125 0.25078125 0.046875 0.046875
1 0.44765625 0.209375 0.053125 0.06875
1 0.18046875 0.0875 0.059375 0.06875
1 0.21328125 0.03671875 0.05625 0.0734375
1 0.25859375 0.459375 0.040625 0.0515625
1 0.29453125 0.4296875 0.0515625 0.059375
1 0.259375 0.4015625 0.05 0.06875
1 0.1109375 0.59140625 0.0484375 0.053125
1 0.14296875 0.54375 0.040625 0.06875
0 0.359375 0.94140625 0.06875 0.0734375
0 0.68828125 0.9171875 0.059375 0.078125
0 0.87890625 0.815625 0.0640625 0.078125
0 0.7578125 0.3109375 0.04375 0.0625
1 0.74140625 0.26015625 0.053125 0.0484375
0 0.27578125 0.03984375 0.059375 0.0765625
0 0.24609375 0.0984375 0.040625 0.05625
0 0.259375 0.33046875 0.053125 0.0625
0 0.21015625 0.37421875 0.0453125 0.06875
1 0.09609375 0.53515625 0.040625 0.05
1 0.16796875 0.34765625 0.040625 0.059375