1 0.096875 0.809375 0.06875 0.08046875
1 0.14375 0.759375 0.06171875 0.078125
1 0.146875 0.82109375 0.04921875 0.06796875
1 0.11328125 0.878125 0.05 0.05703125
1 0.159375 0.88359375 0.04921875 0.065625
1 0.325 0.51171875 0.04609375 0.065625
1 0.2859375 0.40078125 0.0390625 0.0515625
1 0.24453125 0.3828125 0.04140625 0.04921875
1 0.2609375 0.2 0.04296875 0.06328125
1 0.30703125 0.22421875 0.05625 0.08125
1 0.6 0.0828125 0.0453125 0.0671875
0 0.296875 0.4625 0.05625 0.06953125
0 0.553125 0.0734375 0.0546875 0.08515625
0 0.93984375 0.08046875 0.05703125 0.0640625
0 0.6171875 0.309375 0.05703125 0.0765625