1 0.8421875 0.51484375 0.05078125 0.05859375
1 0.803125 0.4734375 0.0359375 0.0609375
1 0.84609375 0.44765625 0.059375 0.078125
1 0.4171875 0.77578125 0.0390625 0.03828125
1 0.3734375 0.74296875 0.04453125 0.06171875
1 0.04453125 0.89921875 0.0484375 0.0765625
1 0.09453125 0.95703125 0.05078125 0.046875
1 0.10703125 0.7578125 0.06015625 0.0671875
1 0.12421875 0.68359375 0.05234375 0.0609375
1 0.07578125 0.10703125 0.059375 0.06640625
0 0.375 0.065625 0.05703125 0.075
0 0.4015625 0.11875 0.05625 0.0625
0 0.58828125 0.1328125 0.059375 0.0625
0 0.51015625 0.4921875 0.06953125 0.07578125
0 0.45703125 0.74453125 0.040625 0.05078125
0 0.3515625 0.68046875 0.06015625 0.06484375
0 0.415625 0.71171875 0.046875 0.06796875
0 0.1625 0.74375 0.053125 0.06796875
0 0.1625 0.94296875 0.04375 0.0609375