1 0.40859375 0.87734375 0.0578125 0.06796875
1 0.43671875 0.83359375 0.053125 0.0484375
1 0.48828125 0.25390625 0.04609375 0.04609375
1 0.45390625 0.21328125 0.05234375 0.06640625
1 0.19453125 0.09453125 0.05625 0.06640625
1 0.22734375 0.0453125 0.05546875 0.071875
1 0.2703125 0.45546875 0.0390625 0.05
1 0.30625 0.4265625 0.05 0.0578125
1 0.271875 0.4 0.04765625 0.06640625
1 0.128125 0.5828125 0.046875 0.05234375
1 0.159375 0.53671875 0.03984375 0.06640625
0 0.36875 0.92265625 0.065625 0.07109375
0 0.6875 0.89921875 0.0578125 0.0765625
0 0.871875 0.80078125 0.0625 0.0765625
0 0.7546875 0.31171875 0.0421875 0.06171875
1 0.73828125 0.2625 0.0515625 0.046875
0 0.2875 0.0484375 0.0578125 0.07421875
0 0.25859375 0.10625 0.03984375 0.05546875
0 0.271875 0.33046875 0.05078125 0.06171875
0 0.22421875 0.3734375 0.04375 0.06640625
1 0.11328125 0.52890625 0.03828125 0.0484375
1 0.1828125 0.346875 0.0390625 0.0578125