1 0.47421875 0.1484375 0.059375 0.0515625
1 0.51640625 0.18828125 0.0625 0.0375
1 0.54296875 0.14453125 0.0796875 0.0609375
1 0.2078125 0.58203125 0.0390625 0.040625
1 0.24140625 0.6265625 0.0625 0.0453125
1 0.08125 0.9625 0.078125 0.05
1 0.0234375 0.91171875 0.046875 0.05
1 0.22578125 0.8984375 0.06875 0.0609375
1 0.30234375 0.88125 0.0625 0.0546875
1 0.890625 0.93046875 0.06875 0.059375
0 0.93359375 0.625 0.0765625 0.059375
0 0.87890625 0.5984375 0.0640625 0.0578125
0 0.8640625 0.40703125 0.0640625 0.0609375
0 0.49765625 0.4875 0.078125 0.071875
0 0.23984375 0.54140625 0.0515625 0.040625
0 0.30546875 0.64921875 0.065625 0.0609375
0 0.27265625 0.58359375 0.06875 0.046875
0 0.240625 0.8421875 0.06875 0.0546875
0 0.03671875 0.8421875 0.0625 0.04375