1 0.90234375 0.1875 0.06875 0.08125
1 0.85546875 0.23828125 0.0625 0.078125
1 0.85234375 0.17578125 0.05 0.06875
1 0.8859375 0.11875 0.05 0.05625
1 0.83984375 0.11328125 0.05 0.065625
1 0.67265625 0.4875 0.046875 0.065625
1 0.71171875 0.5984375 0.0390625 0.053125
1 0.75390625 0.61640625 0.040625 0.05
1 0.7375 0.80078125 0.04375 0.0640625
1 0.690625 0.7765625 0.05625 0.08125
1 0.39609375 0.91875 0.046875 0.06875
0 0.7015625 0.53671875 0.05625 0.0703125
0 0.44375 0.928125 0.05625 0.084375
0 0.05390625 0.92109375 0.05625 0.065625
0 0.37890625 0.690625 0.05625 0.078125