1 0.1859375 0.90390625 0.0890625 0.0765625
1 0.24140625 0.853125 0.0859375 0.06875
1 0.17265625 0.84921875 0.075 0.053125
1 0.109375 0.8859375 0.0625 0.05625
1 0.103125 0.83515625 0.071875 0.053125
1 0.51484375 0.65234375 0.071875 0.05
1 0.6375 0.6953125 0.05625 0.04375
1 0.65703125 0.740625 0.053125 0.0453125
1 0.859375 0.72265625 0.0703125 0.0484375
1 0.8328125 0.671875 0.090625 0.0625
1 0.9765625 0.3484375 0.046875 0.05
0 0.56953125 0.68359375 0.0765625 0.0625
0 0.97734375 0.40078125 0.0453125 0.0609375
0 0.73828125 0.32890625 0.084375 0.0625