1 0.7484375 0.565625 0.05625 0.065625
1 0.74921875 0.50078125 0.0546875 0.065625
1 0.20234375 0.68125 0.0625 0.071875
1 0.3 0.98046875 0.05625 0.0390625
1 0.15078125 0.98046875 0.05625 0.0390625
1 0.85546875 0.17578125 0.059375 0.06875
1 0.4546875 0.1 0.040625 0.071875
1 0.4078125 0.08515625 0.0390625 0.065625
1 0.05078125 0.3328125 0.0546875 0.0765625
0 0.9265625 0.84609375 0.084375 0.0828125
0 0.66484375 0.12109375 0.071875 0.0875
0 0.49453125 0.27734375 0.0703125 0.078125
0 0.0796875 0.4078125 0.0546875 0.071875
1 0.415625 0.98203125 0.053125 0.034375
1 0.1234375 0.925 0.059375 0.075
1 0.07890625 0.88515625 0.05 0.065625