1 0.25390625 0.4359375 0.05078125 0.0609375
1 0.253125 0.4953125 0.04921875 0.0609375
1 0.75078125 0.33125 0.05703125 0.06484375
1 0.6625 0.05 0.05078125 0.0546875
1 0.79765625 0.04375 0.0515625 0.065625
1 0.15625 0.79140625 0.05390625 0.0625
1 0.52109375 0.86015625 0.0359375 0.06640625
1 0.5640625 0.8734375 0.0359375 0.06015625
1 0.8890625 0.64765625 0.05 0.06953125
0 0.090625 0.18125 0.0765625 0.07578125
0 0.3296875 0.84140625 0.06484375 0.07890625
0 0.484375 0.6984375 0.0640625 0.0703125
0 0.8625 0.5796875 0.05 0.06484375
1 0.55703125 0.046875 0.04921875 0.05234375
1 0.82265625 0.10859375 0.0546875 0.06953125
1 0.86328125 0.1453125 0.04609375 0.059375