1 0.7984375 0.478125 0.05625 0.0671875
1 0.79921875 0.54296875 0.0546875 0.0671875
1 0.2484375 0.36171875 0.0625 0.071875
1 0.346875 0.05 0.05625 0.0609375
1 0.196875 0.04375 0.05625 0.071875
1 0.90625 0.8703125 0.059375 0.06875
1 0.50234375 0.946875 0.040625 0.0734375
1 0.45546875 0.96171875 0.040625 0.065625
1 0.09609375 0.71171875 0.05625 0.078125
0 0.96796875 0.1953125 0.0640625 0.084375
0 0.7140625 0.92578125 0.071875 0.0875
0 0.54296875 0.76796875 0.0703125 0.078125
0 0.125 0.63671875 0.0546875 0.071875
1 0.46328125 0.04765625 0.0546875 0.0578125
1 0.16953125 0.115625 0.0609375 0.0765625
1 0.12421875 0.15625 0.05 0.065625