1 0.6546875 0.43828125 0.05625 0.065625
1 0.6734375 0.37578125 0.05 0.0609375
1 0.66484375 0.3 0.0515625 0.059375
1 0.66875 0.22421875 0.0609375 0.06875
1 0.65234375 0.10078125 0.059375 0.071875
1 0.71953125 0.63515625 0.053125 0.0609375
1 0.378125 0.44296875 0.040625 0.0578125
1 0.58125 0.91015625 0.05625 0.0640625
1 0.8515625 0.934375 0.0515625 0.075
1 0.20859375 0.93984375 0.05 0.053125
1 0.02421875 0.94609375 0.0484375 0.0640625
1 0.01796875 0.89140625 0.034375 0.05625
1 0.43359375 0.50703125 0.065625 0.0765625
0 0.1296875 0.39609375 0.046875 0.075
1 0.0859375 0.40234375 0.046875 0.06875
1 0.0625 0.4578125 0.05 0.0625
0 0.41640625 0.08515625 0.059375 0.0890625
0 0.3796875 0.50078125 0.05 0.05625
0 0.66171875 0.1578125 0.05 0.059375
0 0.72734375 0.70546875 0.053125 0.0859375
0 0.36328125 0.6625 0.06875 0.0765625
0 0.80078125 0.95703125 0.046875 0.06875
0 0.909375 0.92109375 0.059375 0.078125
0 0.3046875 0.0234375 0.059375 0.046875
1 0.36953125 0.08828125 0.034375 0.065625
0 0.0421875 0.73046875 0.0734375 0.0875
0 0.103125 0.96171875 0.059375 0.0625