1 0.06171875 0.30546875 0.05234375 0.065625
1 0.23515625 0.37578125 0.05546875 0.07109375
1 0.49453125 0.37265625 0.04609375 0.05546875
1 0.3265625 0.5515625 0.05859375 0.0703125
1 0.5953125 0.65546875 0.0453125 0.05625
1 0.21640625 0.9421875 0.05078125 0.0609375
1 0.77734375 0.36953125 0.0546875 0.06875
1 0.7890625 0.10859375 0.05 0.06171875
1 0.690625 0.2875 0.05625 0.059375
0 0.06484375 0.24375 0.0546875 0.05234375
0 0.678125 0.778125 0.05859375 0.078125
0 0.55234375 0.67421875 0.0484375 0.05703125
0 0.4703125 0.68515625 0.05078125 0.06796875
0 0.834375 0.5921875 0.07265625 0.08046875
0 0.7359375 0.31875 0.05234375 0.06875
0 0.86875 0.06484375 0.04609375 0.07578125
0 0.8125 0.05 0.05078125 0.0625
0 0.55390625 0.0328125 0.059375 0.065625