1 0.87578125 0.9328125 0.071875 0.05
1 0.45234375 0.86796875 0.0640625 0.05625
1 0.19921875 0.68984375 0.06875 0.05625
0 0.153125 0.52734375 0.065625 0.05
1 0.515625 0.21796875 0.0625 0.04375
1 0.52265625 0.17265625 0.071875 0.0484375
0 0.8390625 0.88203125 0.08125 0.0609375
0 0.50625 0.84296875 0.059375 0.04375
0 0.27578125 0.95625 0.065625 0.05
0 0.82578125 0.32890625 0.0625 0.0546875
0 0.63828125 0.4484375 0.071875 0.0484375
0 0.68046875 0.409375 0.05625 0.0484375
0 0.55625 0.396875 0.06875 0.065625
0 0.43828125 0.1921875 0.0734375 0.0578125
0 0.46796875 0.25078125 0.078125 0.05625
0 0.98515625 0.45234375 0.0296875 0.05625
0 0.62578125 0.01796875 0.0765625 0.0359375
0 0.55546875 0.0234375 0.059375 0.046875
0 0.03515625 0.33125 0.06875 0.05625
0 0.0375 0.2734375 0.075 0.05625
0 0.76015625 0.3515625 0.078125 0.065625