1 0.1078125 0.159375 0.04609375 0.0671875
1 0.16875 0.55859375 0.053125 0.0609375
1 0.33671875 0.796875 0.053125 0.0640625
0 0.48984375 0.83984375 0.046875 0.06171875
1 0.78203125 0.49921875 0.0421875 0.059375
1 0.8234375 0.4921875 0.0453125 0.06796875
0 0.15546875 0.19453125 0.05703125 0.0765625
0 0.1921875 0.5078125 0.0421875 0.0546875
0 0.0859375 0.725 0.04765625 0.06171875
0 0.6765625 0.20703125 0.0515625 0.0578125
0 0.5640625 0.38359375 0.04609375 0.06796875
0 0.6015625 0.34375 0.04609375 0.053125
0 0.6125 0.46015625 0.0609375 0.06484375
0 0.80625 0.571875 0.0546875 0.06875
0 0.75078125 0.54375 0.053125 0.07421875
0 0.5609375 0.0359375 0.0546875 0.0703125
0 0.9765625 0.3953125 0.04609375 0.071875
0 0.96796875 0.4625 0.04921875 0.05703125
0 0.675 0.9546875 0.05234375 0.071875
0 0.7296875 0.95546875 0.05390625 0.0828125
0 0.65546875 0.26796875 0.0609375 0.075