1 0.99296875 0.29921875 0.0140625 0.071875
1 0.8234375 0.37734375 0.0609375 0.078125
1 0.53828125 0.37421875 0.05 0.0609375
1 0.7234375 0.5703125 0.0640625 0.078125
1 0.428125 0.684375 0.05 0.0625
1 0.84453125 0.9828125 0.05625 0.034375
1 0.228125 0.3703125 0.059375 0.075
1 0.21484375 0.08359375 0.0546875 0.06875
1 0.3234375 0.28046875 0.0625 0.065625
0 0.990625 0.23203125 0.01875 0.059375
0 0.33671875 0.81953125 0.065625 0.0859375
0 0.475 0.7046875 0.053125 0.0625
0 0.56484375 0.7171875 0.05625 0.075
0 0.16484375 0.615625 0.0796875 0.0875
0 0.2734375 0.31484375 0.05625 0.075
0 0.128125 0.03828125 0.05 0.0765625
0 0.190625 0.0265625 0.05625 0.053125
0 0.47421875 0.01796875 0.0640625 0.0359375