1 0.5015625 0.765625 0.0421875 0.05859375
1 0.5390625 0.79921875 0.04921875 0.065625
1 0.80390625 0.95078125 0.05 0.0546875
1 0.70078125 0.63125 0.05 0.05703125
1 0.71328125 0.52265625 0.04453125 0.05703125
1 0.71484375 0.4578125 0.04375 0.05390625
1 0.646875 0.24296875 0.05625 0.0625
1 0.36328125 0.5375 0.04375 0.05625
1 0.33125 0.2515625 0.059375 0.07578125
0 0.08359375 0.3046875 0.0609375 0.075
0 0.5015625 0.04765625 0.05546875 0.0796875
0 0.75703125 0.48984375 0.053125 0.075
0 0.75703125 0.5546875 0.0390625 0.0515625
0 0.7359375 0.5984375 0.04296875 0.0546875
0 0.3046875 0.71328125 0.04453125 0.06171875
0 0.35625 0.7015625 0.06171875 0.0765625
0 0.09375 0.62421875 0.05703125 0.07890625
0 0.0359375 0.6421875 0.05234375 0.07578125
0 0.2265625 0.9703125 0.053125 0.05859375
0 0.40078125 0.58359375 0.05 0.07890625
0 0.40703125 0.50703125 0.05703125 0.078125
0 0.4328125 0.28671875 0.04140625 0.06328125
1 0.37890625 0.21875 0.05390625 0.06796875