1 0.08984375 0.74140625 0.059375 0.071875
1 0.4015625 0.58359375 0.0625 0.065625
1 0.13828125 0.1046875 0.075 0.090625
1 0.55390625 0.31328125 0.0546875 0.065625
1 0.5078125 0.27734375 0.05625 0.08125
1 0.925 0.32265625 0.065625 0.0578125
1 0.940625 0.2609375 0.046875 0.075
1 0.8921875 0.2296875 0.05625 0.06875
0 0.98125 0.1203125 0.0375 0.084375
1 0.8765625 0.5890625 0.059375 0.071875
1 0.92109375 0.6234375 0.059375 0.0546875
1 0.63515625 0.6015625 0.05625 0.065625
1 0.56953125 0.6578125 0.053125 0.06875
0 0.03125 0.98046875 0.05625 0.0375
0 0.15703125 0.5375 0.0703125 0.0875
0 0.05546875 0.23984375 0.05 0.06875
0 0.39609375 0.6671875 0.059375 0.0984375
0 0.46015625 0.64453125 0.065625 0.090625
0 0.6203125 0.6765625 0.0609375 0.0796875
0 0.6859375 0.64609375 0.0625 0.08125
0 0.87421875 0.29921875 0.0703125 0.084375
1 0.115625 0.46875 0.071875 0.078125
0 0.1328125 0.03828125 0.0578125 0.059375
0 0.50859375 0.1890625 0.0734375 0.08125
1 0.396875 0.1140625 0.0625 0.084375
0 0.57265625 0.23671875 0.071875 0.0859375
0 0.9765625 0.18203125 0.046875 0.0546875
0 0.9 0.5203125 0.0515625 0.0609375
0 0.8484375 0.49140625 0.05625 0.0703125