1 0.353125 0.453125 0.053125 0.06171875
1 0.3359375 0.39375 0.0484375 0.05859375
1 0.34375 0.32109375 0.04921875 0.05703125
1 0.340625 0.24921875 0.0578125 0.065625
1 0.35546875 0.13125 0.05625 0.06953125
1 0.29140625 0.640625 0.05 0.0578125
1 0.6171875 0.45703125 0.03828125 0.0546875
1 0.4234375 0.90234375 0.053125 0.0609375
1 0.165625 0.925 0.04921875 0.07109375
1 0.778125 0.9296875 0.04765625 0.0515625
1 0.95546875 0.9375 0.0453125 0.06171875
1 0.9671875 0.884375 0.04609375 0.053125
1 0.5640625 0.51796875 0.06171875 0.0734375
0 0.85390625 0.4125 0.04453125 0.0703125
1 0.8953125 0.41875 0.04375 0.065625
1 0.91796875 0.47109375 0.04765625 0.059375
0 0.58046875 0.11640625 0.05625 0.08515625
0 0.615625 0.5125 0.04765625 0.05390625
0 0.346875 0.1859375 0.04765625 0.05703125
0 0.284375 0.7078125 0.05078125 0.08203125
0 0.63125 0.665625 0.06484375 0.07265625
0 0.2140625 0.946875 0.04609375 0.06640625
0 0.1109375 0.91171875 0.05625 0.075
0 0.6875 0.05390625 0.05625 0.053125
1 0.625 0.11953125 0.03359375 0.06328125
0 0.93671875 0.73125 0.0703125 0.084375
0 0.87890625 0.9515625 0.05625 0.059375