1 0.8875 0.88359375 0.0484375 0.071875
1 0.8234375 0.4625 0.05625 0.0640625
1 0.646875 0.21171875 0.05625 0.0671875
0 0.48515625 0.165625 0.05 0.065625
1 0.17734375 0.525 0.04375 0.0625
1 0.1328125 0.53203125 0.0484375 0.071875
0 0.8375 0.84609375 0.059375 0.08125
0 0.7984375 0.515625 0.04375 0.0578125
0 0.9109375 0.28671875 0.05 0.065625
0 0.28828125 0.83359375 0.0546875 0.0609375
0 0.40703125 0.646875 0.0484375 0.071875
0 0.36796875 0.6890625 0.0484375 0.05625
0 0.35546875 0.56640625 0.0640625 0.06875
0 0.1515625 0.4484375 0.0578125 0.071875
0 0.21015625 0.478125 0.05625 0.078125
0 0.4109375 0.98828125 0.05625 0.0234375
0 0.290625 0.04453125 0.05625 0.075
0 0.23203125 0.04375 0.05625 0.0875
0 0.31015625 0.76875 0.065625 0.078125