1 0.721875 0.0796875 0.0671875 0.05625
1 0.57421875 0.37265625 0.0625 0.059375
1 0.12421875 0.12578125 0.084375 0.0703125
1 0.3203125 0.51484375 0.0609375 0.05
1 0.28671875 0.47265625 0.075 0.053125
1 0.32890625 0.86328125 0.053125 0.0609375
1 0.27109375 0.87734375 0.071875 0.04375
1 0.2421875 0.8328125 0.0640625 0.053125
0 0.13828125 0.9296875 0.0796875 0.059375
1 0.57890625 0.81796875 0.0671875 0.05625
1 0.61171875 0.859375 0.0515625 0.05625
1 0.590625 0.59140625 0.0609375 0.053125
1 0.64375 0.5296875 0.065625 0.0484375
0 0.9625 0.02578125 0.065625 0.0515625
0 0.53046875 0.14296875 0.08125 0.065625
0 0.2515625 0.0484375 0.0640625 0.046875
0 0.653125 0.3671875 0.09375 0.05625
0 0.63125 0.428125 0.0859375 0.0625
0 0.6609375 0.57734375 0.075 0.05625
0 0.6328125 0.6390625 0.075 0.059375
0 0.30703125 0.815625 0.0796875 0.0671875
1 0.465625 0.1046875 0.0734375 0.065625
0 0.0625 0.1203125 0.05625 0.0546875
0 0.20390625 0.47265625 0.078125 0.06875
1 0.13359375 0.36875 0.08125 0.059375
0 0.2484375 0.5328125 0.08125 0.0671875
0 0.196875 0.91484375 0.0515625 0.05
0 0.51484375 0.83984375 0.05625 0.0484375
0 0.4875 0.79140625 0.065625 0.053125
0 0.0953125 0.9765625 0.090625 0.046875