1 0.05703125 0.69140625 0.0546875 0.06875
1 0.2390625 0.6171875 0.059375 0.075
1 0.51171875 0.6203125 0.046875 0.059375
1 0.33515625 0.4328125 0.0625 0.0734375
1 0.6171875 0.32421875 0.046875 0.059375
1 0.21953125 0.02734375 0.053125 0.0546875
1 0.8078125 0.62421875 0.05625 0.071875
1 0.8203125 0.89765625 0.053125 0.065625
1 0.7171875 0.71015625 0.059375 0.0625
0 0.06015625 0.75625 0.05625 0.0546875
0 0.7046875 0.19453125 0.0625 0.08125
0 0.57265625 0.30390625 0.05 0.059375
0 0.48671875 0.2921875 0.053125 0.071875
0 0.86875 0.38984375 0.075 0.084375
0 0.76484375 0.67734375 0.0546875 0.071875
0 0.90390625 0.94375 0.0484375 0.0796875
0 0.8453125 0.959375 0.053125 0.065625
0 0.5734375 0.971875 0.0625 0.05625