1 0.23359375 0.49921875 0.059375 0.04375
1 0.2 0.46171875 0.065625 0.05
1 0.046875 0.1953125 0.0546875 0.05
1 0.36875 0.2984375 0.0578125 0.05
1 0.478125 0.2859375 0.0578125 0.0453125
1 0.54375 0.284375 0.053125 0.04375
1 0.76015625 0.353125 0.0625 0.05625
1 0.46328125 0.63828125 0.05625 0.04375
1 0.75078125 0.6703125 0.0765625 0.059375
0 0.69765625 0.9203125 0.075 0.0625
0 0.95625 0.49921875 0.08125 0.05625
0 0.51171875 0.2421875 0.075 0.053125
0 0.44609375 0.2421875 0.0515625 0.0390625
0 0.4015625 0.2640625 0.05625 0.04375
0 0.2859375 0.69765625 0.0625 0.04375
0 0.2984375 0.6453125 0.078125 0.0625
0 0.37578125 0.909375 0.0796875 0.0578125
0 0.3578125 0.96796875 0.0765625 0.053125
0 0.02890625 0.77578125 0.0578125 0.053125
0 0.4171875 0.60078125 0.0796875 0.05
0 0.49375 0.59453125 0.078125 0.05625
0 0.715625 0.56875 0.0625 0.040625
1 0.784375 0.62265625 0.06875 0.0546875