1 0.64921875 0.4484375 0.05625 0.065625
1 0.6671875 0.3859375 0.05 0.0609375
1 0.65859375 0.309375 0.0515625 0.059375
1 0.6625 0.234375 0.0609375 0.06875
1 0.64609375 0.1109375 0.059375 0.071875
1 0.71328125 0.6453125 0.053125 0.0609375
1 0.371875 0.45234375 0.040625 0.0578125
1 0.57578125 0.9203125 0.05625 0.0640625
1 0.84609375 0.94375 0.0515625 0.075
1 0.203125 0.94921875 0.05 0.053125
1 0.02109375 0.95703125 0.0421875 0.065625
1 0.01484375 0.90078125 0.0296875 0.05625
1 0.42734375 0.5171875 0.065625 0.0765625
0 0.12421875 0.40625 0.046875 0.075
1 0.08046875 0.4125 0.046875 0.06875
1 0.05625 0.46796875 0.05 0.0625
0 0.4109375 0.0953125 0.059375 0.0890625
0 0.37421875 0.5109375 0.05 0.05625
0 0.65625 0.16796875 0.05 0.059375
0 0.72109375 0.715625 0.053125 0.0859375
0 0.3578125 0.671875 0.06875 0.0765625
0 0.79609375 0.965625 0.0484375 0.06875
0 0.90390625 0.93046875 0.059375 0.078125
0 0.2984375 0.0296875 0.059375 0.05625
1 0.3640625 0.0984375 0.034375 0.065625
0 0.03671875 0.740625 0.0734375 0.0875
0 0.09765625 0.96953125 0.059375 0.059375