1 0.096875 0.3 0.05390625 0.0640625
1 0.37578125 0.440625 0.05546875 0.05859375
1 0.140625 0.86875 0.0671875 0.08046875
1 0.51171875 0.68203125 0.0484375 0.0578125
1 0.47109375 0.71484375 0.04921875 0.071875
1 0.84375 0.67421875 0.0578125 0.0515625
1 0.8578125 0.72890625 0.0421875 0.06796875
1 0.81484375 0.75703125 0.05078125 0.0609375
0 0.90703125 0.85625 0.05625 0.07578125
1 0.80078125 0.4359375 0.053125 0.0640625
1 0.840625 0.4046875 0.053125 0.04921875
1 0.584375 0.425 0.05078125 0.0578125
1 0.52578125 0.37421875 0.046875 0.06171875
0 0.04609375 0.071875 0.05078125 0.06328125
0 0.15703125 0.48203125 0.06328125 0.078125
0 0.0671875 0.7484375 0.0453125 0.06171875
0 0.37109375 0.365625 0.053125 0.08828125
0 0.42890625 0.38671875 0.059375 0.08125
0 0.571875 0.3578125 0.0546875 0.07109375
0 0.63046875 0.38515625 0.05546875 0.071875
0 0.7984375 0.69453125 0.06328125 0.07578125
1 0.1203125 0.54375 0.06328125 0.0703125
0 0.1359375 0.928125 0.05234375 0.05390625
0 0.471875 0.79296875 0.065625 0.0734375
1 0.371875 0.86015625 0.05625 0.0765625
0 0.52890625 0.7515625 0.0640625 0.07734375
0 0.89296875 0.8 0.046875 0.0484375
0 0.821875 0.49765625 0.04609375 0.05390625
0 0.77578125 0.5234375 0.05078125 0.0625
0 0.95703125 0.89765625 0.0546875 0.0859375