1 0.23359375 0.49609375 0.059375 0.04375
1 0.2 0.53359375 0.0671875 0.05
1 0.04453125 0.80390625 0.05625 0.0515625
1 0.37109375 0.7 0.059375 0.05
1 0.48203125 0.7125 0.059375 0.0453125
1 0.5484375 0.7140625 0.0546875 0.04375
1 0.76796875 0.64453125 0.0640625 0.0578125
1 0.4671875 0.3546875 0.0578125 0.04375
1 0.75859375 0.32265625 0.078125 0.0609375
0 0.7046875 0.06875 0.0765625 0.0625
0 0.96328125 0.4953125 0.0734375 0.05625
0 0.515625 0.75703125 0.0765625 0.053125
0 0.44921875 0.75625 0.053125 0.040625
0 0.4046875 0.73515625 0.05625 0.04375
0 0.2875 0.29453125 0.0625 0.0453125
0 0.3 0.34765625 0.078125 0.0625
0 0.378125 0.0796875 0.08125 0.0578125
0 0.36015625 0.0234375 0.078125 0.046875
0 0.028125 0.21484375 0.05625 0.0546875
0 0.41953125 0.39296875 0.08125 0.05
0 0.49765625 0.39921875 0.0796875 0.0578125
0 0.7234375 0.42578125 0.0640625 0.0421875
1 0.79296875 0.3703125 0.06875 0.05625