1 0.69453125 0.971875 0.059375 0.05625
1 0.08203125 0.884375 0.0703125 0.096875
1 0.9078125 0.46484375 0.0703125 0.075
1 0.02265625 0.1578125 0.0453125 0.0625
1 0.57109375 0.48046875 0.040625 0.059375
1 0.53515625 0.2609375 0.046875 0.08125
0 0.925 0.0578125 0.078125 0.084375
0 0.69296875 0.01796875 0.05625 0.0359375
0 0.57421875 0.33046875 0.0546875 0.0625
0 0.53828125 0.43515625 0.053125 0.06875
0 0.2546875 0.4671875 0.05 0.059375
0 0.24921875 0.39609375 0.065625 0.0703125
0 0.6203125 0.46171875 0.0578125 0.0796875
0 0.51796875 0.3734375 0.0515625 0.06875
0 0.48359375 0.44140625 0.05625 0.075