1 0.95234375 0.6703125 0.053125 0.05625
1 0.86796875 0.07734375 0.09375 0.06875
1 0.46171875 0.8765625 0.071875 0.06875
1 0.16484375 0.0203125 0.059375 0.040625
1 0.47734375 0.55 0.05625 0.0375
1 0.2640625 0.515625 0.078125 0.04375
0 0.06796875 0.89375 0.08125 0.075
0 0.0234375 0.66796875 0.046875 0.053125
0 0.33125 0.55390625 0.059375 0.053125
0 0.4328125 0.51875 0.0671875 0.053125
0 0.4640625 0.24375 0.05625 0.05
0 0.3953125 0.2390625 0.06875 0.0640625
0 0.45859375 0.5984375 0.078125 0.05625
0 0.3734375 0.49921875 0.0671875 0.05
0 0.4390625 0.465625 0.071875 0.0546875