1 0.03828125 0.77890625 0.06484375 0.08203125
1 0.16484375 0.73828125 0.06015625 0.0828125
1 0.45390625 0.8234375 0.0484375 0.0640625
1 0.77734375 0.46171875 0.04296875 0.065625
1 0.7296875 0.44765625 0.04453125 0.059375
1 0.42109375 0.446875 0.05546875 0.065625
0 0.21796875 0.2703125 0.05390625 0.08515625
0 0.16953125 0.2796875 0.04375 0.05859375
0 0.190625 0.0890625 0.05859375 0.07109375
0 0.24375 0.075 0.0484375 0.07890625
0 0.6578125 0.05625 0.05703125 0.075
0 0.51015625 0.59765625 0.0625 0.08125
0 0.4234375 0.86796875 0.05625 0.06875
0 0.79375 0.8328125 0.04921875 0.0640625
0 0.975 0.6296875 0.05 0.071875