1 0.9359375 0.12109375 0.05 0.0625
1 0.965625 0.640625 0.04375 0.06875
1 0.9265625 0.61640625 0.040625 0.059375
1 0.8984375 0.5625 0.0421875 0.059375
1 0.134375 0.64921875 0.0546875 0.078125
1 0.43828125 0.2640625 0.0546875 0.084375
1 0.3921875 0.2421875 0.0484375 0.06875
1 0.678125 0.5390625 0.059375 0.096875
1 0.48984375 0.6890625 0.05625 0.06875
0 0.85 0.55859375 0.0515625 0.071875
0 0.59765625 0.1296875 0.046875 0.0578125
0 0.34765625 0.24296875 0.0515625 0.06875
1 0.09765625 0.62109375 0.046875 0.065625