1 0.75546875 0.01953125 0.090625 0.0390625
1 0.71171875 0.14453125 0.0921875 0.0671875
1 0.80625 0.46484375 0.071875 0.053125
1 0.40390625 0.82421875 0.0734375 0.046875
1 0.3890625 0.771875 0.065625 0.05
1 0.3875 0.42890625 0.071875 0.0625
0 0.19140625 0.203125 0.0953125 0.059375
0 0.20234375 0.14921875 0.065625 0.0484375
0 0.01484375 0.17265625 0.028125 0.065625
0 0.009375 0.23203125 0.01875 0.053125
0 0.55546875 0.528125 0.090625 0.06875
0 0.85546875 0.43203125 0.075 0.0625
0 0.81640625 0.8421875 0.071875 0.0546875