1 0.5375 0.32109375 0.05 0.06171875
0 0.17578125 0.4046875 0.0578125 0.075
1 0.8390625 0.7921875 0.03984375 0.0453125
1 0.86171875 0.8328125 0.05078125 0.0515625
1 0.86015625 0.8984375 0.04609375 0.0640625
1 0.9 0.5453125 0.04921875 0.059375
1 0.91484375 0.48359375 0.0625 0.06484375
1 0.21875 0.36484375 0.0453125 0.05078125
0 0.0921875 0.06796875 0.071875 0.0796875
1 0.1421875 0.45 0.04453125 0.05546875
0 0.2484375 0.4109375 0.0453125 0.06796875
0 0.43203125 0.55625 0.05546875 0.071875
0 0.9 0.8734375 0.03359375 0.0609375
0 0.4859375 0.86484375 0.0578125 0.06640625
0 0.615625 0.74609375 0.065625 0.06953125
0 0.24921875 0.865625 0.05390625 0.0765625