1 0.67265625 0.5296875 0.0625 0.0515625
0 0.5875 0.1578125 0.078125 0.059375
1 0.1890625 0.83984375 0.046875 0.040625
1 0.14765625 0.8625 0.053125 0.0515625
1 0.0796875 0.8609375 0.065625 0.046875
1 0.4421875 0.90234375 0.0609375 0.05
1 0.50625 0.9171875 0.0671875 0.0640625
1 0.628125 0.20234375 0.053125 0.046875
0 0.93359375 0.071875 0.08125 0.0734375
1 0.540625 0.1234375 0.05625 0.0453125
0 0.58125 0.2328125 0.06875 0.046875
0 0.43203125 0.421875 0.075 0.05625
0 0.10546875 0.90234375 0.0625 0.034375
0 0.11484375 0.47734375 0.06875 0.059375
0 0.23671875 0.61015625 0.071875 0.0671875
0 0.11328125 0.23359375 0.078125 0.05625