1 0.3734375 0.8953125 0.046875 0.065625
1 0.09296875 0.684375 0.0625 0.065625
1 0.09765625 0.74921875 0.0625 0.06875
1 0.328125 0.67890625 0.05 0.05625
1 0.30625 0.5515625 0.053125 0.05625
1 0.31171875 0.48515625 0.0625 0.0828125
1 0.6078125 0.8046875 0.0640625 0.0609375
0 0.55234375 0.7734375 0.059375 0.071875
1 0.70625 0.446875 0.046875 0.053125
1 0.65859375 0.52265625 0.0625 0.071875
1 0.97421875 0.4234375 0.05 0.053125
1 0.66875 0.08203125 0.05625 0.06875
1 0.17421875 0.2203125 0.05 0.065625
1 0.228125 0.034375 0.05 0.059375
1 0.2125 0.09375 0.0375 0.0578125
1 0.1609375 0.11796875 0.04375 0.0734375
1 0.0703125 0.08828125 0.046875 0.0625
0 0.9671875 0.48671875 0.0609375 0.0625
0 0.95078125 0.32578125 0.05 0.065625
0 0.65625 0.44296875 0.053125 0.071875
0 0.6015625 0.7203125 0.0515625 0.065625
0 0.33046875 0.609375 0.05625 0.071875
0 0.35859375 0.8265625 0.0421875 0.0625
0 0.29375 0.84375 0.05 0.071875
0 0.1140625 0.31484375 0.046875 0.071875
0 0.06015625 0.35625 0.065625 0.0796875
0 0.10546875 0.13515625 0.053125 0.0625
0 0.146875 0.05078125 0.05 0.065625
0 0.2515625 0.1234375 0.059375 0.0796875
0 0.29921875 0.16015625 0.0515625 0.065625
0 0.36640625 0.2453125 0.0625 0.090625
0 0.6421875 0.028125 0.053125 0.046875