1 0.32734375 0.94296875 0.05625 0.053125
1 0.9109375 0.86015625 0.0671875 0.09296875
1 0.1234375 0.46015625 0.0671875 0.0703125
1 0.97265625 0.16875 0.05078125 0.059375
1 0.4453125 0.475 0.0375 0.05625
1 0.4796875 0.26640625 0.04375 0.0765625
0 0.10703125 0.07265625 0.075 0.0796875
0 0.328125 0.02578125 0.053125 0.0515625
0 0.4421875 0.33203125 0.05234375 0.059375
0 0.4765625 0.43203125 0.0515625 0.065625
0 0.746875 0.4625 0.0484375 0.05546875
0 0.7515625 0.3953125 0.06328125 0.0671875
0 0.39765625 0.45703125 0.05546875 0.07578125
0 0.4953125 0.3734375 0.04921875 0.06640625
0 0.528125 0.43828125 0.05390625 0.07109375