1 0.08359375 0.86875 0.04765625 0.06171875
1 0.0546875 0.36328125 0.0421875 0.0671875
1 0.0921875 0.38671875 0.03828125 0.05859375
1 0.1203125 0.4390625 0.04140625 0.05703125
1 0.8640625 0.3546875 0.053125 0.07578125
1 0.56796875 0.7296875 0.053125 0.08125
1 0.6125 0.75078125 0.046875 0.06640625
1 0.334375 0.46171875 0.05703125 0.09453125
1 0.51796875 0.31640625 0.05546875 0.065625
0 0.1671875 0.44296875 0.05 0.0703125
0 0.4125 0.86015625 0.0453125 0.05625
0 0.65546875 0.75 0.05 0.0671875
1 0.9 0.38203125 0.0453125 0.06484375