1 0.62109375 0.88828125 0.046875 0.0640625
1 0.89609375 0.68125 0.06171875 0.0640625
1 0.8921875 0.7453125 0.06015625 0.06640625
1 0.665625 0.6765625 0.05 0.05625
1 0.68671875 0.55078125 0.053125 0.05625
1 0.68125 0.4859375 0.06015625 0.08203125
1 0.38984375 0.79921875 0.06328125 0.06015625
0 0.44453125 0.76953125 0.05859375 0.0703125
1 0.29296875 0.44765625 0.0453125 0.05234375
1 0.33984375 0.52265625 0.0609375 0.0703125
1 0.02890625 0.42421875 0.0484375 0.05234375
1 0.3296875 0.0890625 0.0546875 0.0671875
1 0.81640625 0.225 0.05 0.06328125
1 0.76328125 0.0421875 0.0484375 0.05859375
1 0.77890625 0.10078125 0.03671875 0.05703125
1 0.8296875 0.125 0.04453125 0.07265625
1 0.91875 0.0953125 0.0453125 0.06015625
0 0.0359375 0.48671875 0.059375 0.06171875
0 0.05234375 0.328125 0.0484375 0.0640625
0 0.3421875 0.44375 0.053125 0.07109375
0 0.39609375 0.71640625 0.05078125 0.0640625
0 0.6625 0.6078125 0.05625 0.0703125
0 0.63515625 0.82109375 0.04140625 0.06171875
0 0.69921875 0.83828125 0.05 0.07109375
0 0.8765625 0.31796875 0.046875 0.0703125
0 0.92890625 0.35859375 0.06484375 0.078125
0 0.884375 0.14140625 0.053125 0.06171875
0 0.84375 0.05859375 0.05 0.0640625
0 0.740625 0.1296875 0.05703125 0.078125
0 0.69375 0.165625 0.05078125 0.0640625
0 0.628125 0.25 0.0609375 0.08984375
0 0.35546875 0.0359375 0.0515625 0.04609375