1 0.8828125 0.35078125 0.06875 0.05
1 0.659375 0.05390625 0.06875 0.065625
1 0.72890625 0.05859375 0.071875 0.065625
1 0.65390625 0.303125 0.0609375 0.053125
1 0.51875 0.2796875 0.0609375 0.05625
1 0.4484375 0.2859375 0.0875 0.065625
1 0.7875 0.6 0.065625 0.06875
0 0.7546875 0.540625 0.075 0.0625
1 0.4078125 0.7046875 0.05625 0.05
1 0.48828125 0.65390625 0.0765625 0.065625
1 0.38203125 0.98203125 0.05625 0.0359375
1 0.028125 0.665625 0.05625 0.059375
1 0.16796875 0.13984375 0.06875 0.053125
1 0.03359375 0.18046875 0.0609375 0.040625
1 0.059375 0.12578125 0.078125 0.046875
1 0.0296875 0.0296875 0.059375 0.05
0 0.44921875 0.975 0.065625 0.05
0 0.27890625 0.9640625 0.06875 0.0515625
0 0.40390625 0.6515625 0.078125 0.05625
0 0.69765625 0.59375 0.06875 0.0546875
0 0.58046875 0.30625 0.075 0.0609375
0 0.81015625 0.33515625 0.065625 0.04375
0 0.82890625 0.26640625 0.078125 0.053125
0 0.2671875 0.075 0.075 0.05
0 0.3109375 0.02734375 0.084375 0.053125
0 0.07734375 0.06640625 0.065625 0.05625
0 0.0109375 0.1109375 0.021875 0.053125
0 0.06484375 0.221875 0.084375 0.0625
0 0.10390625 0.27265625 0.06875 0.0546875
0 0.19453125 0.34375 0.096875 0.065625