1 0.8671875 0.9234375 0.0625 0.0484375
1 0.35078125 0.953125 0.06875 0.04375
1 0.375 0.91484375 0.059375 0.0390625
1 0.428125 0.8859375 0.0578125 0.0421875
1 0.3421875 0.1265625 0.078125 0.053125
1 0.725 0.4296875 0.0828125 0.0546875
1 0.746875 0.38359375 0.0671875 0.046875
1 0.4515625 0.6671875 0.096875 0.0578125
1 0.30234375 0.4796875 0.0671875 0.05625
0 0.4328125 0.83828125 0.071875 0.05
0 0.85859375 0.5875 0.0578125 0.046875
0 0.74609375 0.3390625 0.06875 0.0515625
1 0.3703125 0.090625 0.065625 0.046875