1 0.3171875 0.43828125 0.065625 0.053125
0 0.4046875 0.81953125 0.078125 0.0625
1 0.8140625 0.1203125 0.046875 0.040625
1 0.85625 0.096875 0.0546875 0.053125
1 0.92578125 0.0984375 0.0671875 0.05
1 0.55390625 0.05546875 0.0625 0.0515625
1 0.4875 0.040625 0.06875 0.065625
1 0.3625 0.77421875 0.053125 0.046875
0 0.05 0.9078125 0.084375 0.075
1 0.453125 0.85546875 0.059375 0.046875
0 0.41171875 0.74296875 0.071875 0.046875
0 0.56484375 0.54921875 0.0765625 0.059375
0 0.9 0.05625 0.0640625 0.0359375
0 0.88984375 0.4921875 0.0703125 0.0609375
0 0.76484375 0.35625 0.071875 0.06875
0 0.89140625 0.7421875 0.08125 0.0578125