1 0.803125 0.0328125 0.084375 0.065625
1 0.76171875 0.1640625 0.0859375 0.0625
1 0.85078125 0.465625 0.0671875 0.05
1 0.4734375 0.803125 0.06875 0.04375
1 0.45859375 0.75390625 0.0625 0.046875
1 0.45703125 0.43125 0.06875 0.0578125
0 0.2734375 0.21953125 0.0890625 0.05625
0 0.28359375 0.16875 0.0609375 0.0453125
0 0.084375 0.190625 0.075 0.0609375
0 0.06953125 0.246875 0.08125 0.05
0 0.05 0.678125 0.078125 0.059375
0 0.61484375 0.52421875 0.084375 0.065625
0 0.896875 0.434375 0.071875 0.059375
0 0.86015625 0.8203125 0.0671875 0.0515625
0 0.6484375 0.99140625 0.075 0.0171875