0 0.2125 0.95 0.078125 0.065625
0 0.38203125 0.6625 0.065625 0.06875
0 0.74609375 0.384375 0.0640625 0.0625
0 0.13203125 0.5609375 0.0859375 0.0640625
0 0.40625 0.4015625 0.0765625 0.071875
0 0.4640625 0.3546875 0.0703125 0.065625
0 0.6734375 0.3703125 0.0859375 0.071875
0 0.21171875 0.5984375 0.06875 0.046875
0 0.2203125 0.53671875 0.059375 0.046875
1 0.8 0.43046875 0.0625 0.0546875
1 0.82890625 0.378125 0.0625 0.065625
1 0.4578125 0.64375 0.075 0.071875
1 0.4328125 0.715625 0.0875 0.065625
1 0.12109375 0.5015625 0.071875 0.0578125