0 0.0109375 0.796875 0.021875 0.0796875
0 0.2796875 0.62734375 0.06875 0.065625
0 0.559375 0.26015625 0.0625 0.065625
0 0.38125 0.878125 0.065625 0.0875
0 0.5421875 0.60234375 0.071875 0.078125
0 0.5890625 0.54375 0.065625 0.0703125
0 0.5734375 0.33359375 0.0734375 0.0875
0 0.34375 0.7984375 0.046875 0.0703125
0 0.40546875 0.78984375 0.046875 0.0609375
1 0.5125 0.20625 0.05625 0.0625
1 0.565625 0.1765625 0.065625 0.0625
1 0.2984375 0.55078125 0.071875 0.075
1 0.22578125 0.57578125 0.065625 0.0875
1 0.44140625 0.88984375 0.0578125 0.071875