1 0.47890625 0.62578125 0.0453125 0.05859375
1 0.33828125 0.83984375 0.05234375 0.06015625
1 0.17578125 0.95546875 0.0421875 0.05
1 0.765625 0.69921875 0.03984375 0.0609375
1 0.72421875 0.81953125 0.034375 0.0421875
0 0.72421875 0.71484375 0.04609375 0.05703125
0 0.70703125 0.86953125 0.05234375 0.06015625
0 0.7 0.93125 0.05 0.06015625
0 0.9796875 0.4625 0.0390625 0.05234375
0 0.8546875 0.2625 0.059375 0.06015625
0 0.765625 0.37578125 0.040625 0.0515625
1 0.859375 0.31796875 0.04921875 0.05390625
1 0.71328125 0.11171875 0.05078125 0.05859375
0 0.7234375 0.046875 0.05078125 0.06328125
1 0.44140625 0.21015625 0.04140625 0.06171875
1 0.409375 0.18359375 0.0390625 0.05078125
1 0.59453125 0.37734375 0.04140625 0.06015625
0 0.2625 0.33515625 0.05546875 0.06171875