0 0.07734375 0.765625 0.059375 0.071875
0 0.33984375 0.61171875 0.06328125 0.059375
0 0.5921875 0.28046875 0.05625 0.05859375
0 0.43203125 0.8390625 0.05859375 0.078125
0 0.57734375 0.5890625 0.065625 0.06953125
0 0.61953125 0.53671875 0.059375 0.0640625
0 0.60546875 0.346875 0.06640625 0.078125
0 0.39765625 0.7671875 0.0421875 0.06328125
0 0.45390625 0.75859375 0.0421875 0.0546875
1 0.55078125 0.23125 0.05 0.0578125
1 0.5984375 0.2046875 0.06015625 0.0578125
1 0.35625 0.54296875 0.06484375 0.06875
1 0.290625 0.565625 0.06015625 0.07890625
1 0.4859375 0.84921875 0.05234375 0.065625