1 0.3609375 0.46015625 0.0625 0.046875
1 0.13828125 0.3125 0.0625 0.0546875
1 0.021875 0.14296875 0.04375 0.04375
1 0.284375 0.759375 0.0625 0.040625
1 0.15859375 0.71640625 0.04375 0.0359375
0 0.26796875 0.715625 0.059375 0.0484375
0 0.10703125 0.69765625 0.0625 0.0546875
0 0.04296875 0.69140625 0.0625 0.053125
0 0.5328125 0.98046875 0.0546875 0.0390625
0 0.740625 0.85234375 0.0625 0.0625
0 0.621875 0.759375 0.053125 0.04375
1 0.68203125 0.85703125 0.05625 0.0515625
1 0.896875 0.7046875 0.0625 0.053125
0 0.96484375 0.71484375 0.065625 0.053125
1 0.79453125 0.42109375 0.0640625 0.04375
1 0.82265625 0.3875 0.053125 0.040625
1 0.6203125 0.58046875 0.0625 0.04375
0 0.66484375 0.234375 0.065625 0.0578125