1 0.34609375 0.5125 0.0625 0.046875
1 0.12109375 0.66015625 0.0625 0.05625
1 0.01328125 0.83125 0.0265625 0.04375
1 0.26875 0.21171875 0.0640625 0.0421875
1 0.1421875 0.2546875 0.04375 0.0359375
0 0.25234375 0.25546875 0.059375 0.0484375
0 0.08984375 0.2734375 0.0625 0.0546875
0 0.02890625 0.28046875 0.0578125 0.053125
0 0.72734375 0.11796875 0.0625 0.0625
0 0.60859375 0.21171875 0.053125 0.04375
1 0.66953125 0.11328125 0.05625 0.0515625
1 0.8859375 0.26640625 0.0625 0.053125
0 0.95390625 0.25625 0.065625 0.053125
1 0.78203125 0.5515625 0.065625 0.04375
1 0.81015625 0.58515625 0.053125 0.040625
1 0.60703125 0.39140625 0.0625 0.04375
0 0.6515625 0.7390625 0.065625 0.0578125