1 0.103125 0.3578125 0.0625 0.0734375
0 0.15078125 0.3140625 0.0546875 0.0671875
1 0.34375 0.69921875 0.05859375 0.08125
0 0.34375 0.62421875 0.06328125 0.0703125
0 0.55078125 0.928125 0.05546875 0.06875
0 0.62734375 0.8203125 0.0484375 0.075
1 0.571875 0.81015625 0.0515625 0.06953125
1 0.5453125 0.859375 0.04453125 0.05703125
1 0.4984375 0.8609375 0.05078125 0.06796875
0 0.5359375 0.67265625 0.04296875 0.05703125
1 0.52734375 0.59609375 0.05390625 0.0640625
0 0.60703125 0.4453125 0.0640625 0.0859375
0 0.9390625 0.0859375 0.0390625 0.05
0 0.965625 0.03515625 0.04609375 0.06328125
0 0.91328125 0.0234375 0.040625 0.046875
0 0.8296875 0.765625 0.05625 0.07109375
0 0.9890625 0.86640625 0.021875 0.0515625
1 0.9703125 0.94140625 0.05234375 0.06875
1 0.95703125 0.86953125 0.04609375 0.065625
0 0.715625 0.5859375 0.0421875 0.05625
0 0.728125 0.52421875 0.05703125 0.06875
1 0.8 0.5421875 0.0578125 0.07109375
0 0.65 0.596875 0.05390625 0.06171875
0 0.59453125 0.6296875 0.0390625 0.04765625