1 0.621875 0.1015625 0.0796875 0.0671875
0 0.66953125 0.153125 0.071875 0.059375
1 0.25390625 0.36171875 0.0875 0.0625
0 0.334375 0.36171875 0.075 0.06875
0 0.02265625 0.584375 0.0453125 0.059375
0 0.1234375 0.66796875 0.08125 0.053125
1 0.13359375 0.6078125 0.075 0.05625
1 0.08125 0.57890625 0.0609375 0.046875
1 0.07890625 0.52890625 0.0734375 0.0546875
0 0.28203125 0.56953125 0.0609375 0.046875
1 0.365625 0.56015625 0.06875 0.059375
0 0.52734375 0.64609375 0.09375 0.06875
0 0.91640625 0.990625 0.0546875 0.01875
0 0.97890625 0.9765625 0.0421875 0.04375
0 0.18203125 0.8859375 0.0765625 0.059375
0 0.37578125 0.76328125 0.059375 0.046875
0 0.4421875 0.7765625 0.075 0.0625
1 0.42265625 0.8546875 0.0765625 0.0625
0 0.3640625 0.6921875 0.0671875 0.0578125
0 0.328125 0.6328125 0.0515625 0.0421875