1 0.896875 0.6421875 0.0625 0.0734375
0 0.84921875 0.6859375 0.0546875 0.0671875
1 0.65625 0.30078125 0.059375 0.08125
0 0.65625 0.37578125 0.0625 0.0703125
0 0.44921875 0.071875 0.05625 0.06875
0 0.37265625 0.1796875 0.0484375 0.075
1 0.428125 0.18984375 0.0515625 0.06875
1 0.4546875 0.140625 0.04375 0.05625
1 0.5015625 0.1390625 0.05 0.06875
0 0.4640625 0.32734375 0.04375 0.05625
1 0.47265625 0.40390625 0.053125 0.0640625
0 0.39296875 0.5546875 0.0640625 0.0859375
0 0.0609375 0.9140625 0.0390625 0.05
0 0.034375 0.96484375 0.046875 0.0625
0 0.08671875 0.9765625 0.040625 0.046875
0 0.1703125 0.234375 0.05625 0.071875
0 0.0109375 0.13359375 0.021875 0.0515625
1 0.0296875 0.05859375 0.053125 0.06875
1 0.04296875 0.13046875 0.046875 0.065625
0 0.284375 0.4140625 0.0421875 0.05625
0 0.271875 0.47578125 0.05625 0.06875
1 0.2 0.4578125 0.0578125 0.071875
0 0.35 0.403125 0.053125 0.0625
0 0.40546875 0.3703125 0.0390625 0.046875