0 0.040625 0.790625 0.05234375 0.07109375
0 0.17578125 0.68984375 0.05 0.0671875
0 0.1765625 0.628125 0.040625 0.05625
0 0.46484375 0.5390625 0.046875 0.07265625
0 0.36484375 0.28671875 0.05625 0.065625
0 0.38828125 0.22890625 0.04765625 0.059375
0 0.478125 0.14453125 0.03515625 0.05390625
1 0.8171875 0.378125 0.03515625 0.05
0 0.68046875 0.20078125 0.0390625 0.04765625
1 0.70703125 0.24609375 0.0484375 0.0640625
1 0.7453125 0.21484375 0.04140625 0.04609375
1 0.74765625 0.15859375 0.03828125 0.0515625
1 0.71640625 0.13359375 0.03125 0.03828125
1 0.74140625 0.10078125 0.0421875 0.05234375
1 0.63359375 0.1390625 0.04140625 0.0453125
1 0.59609375 0.19140625 0.05078125 0.05546875
1 0.64296875 0.1828125 0.03984375 0.0421875
1 0.440625 0.15859375 0.040625 0.05859375
0 0.31015625 0.04765625 0.04765625 0.06796875
0 0.353125 0.0890625 0.05078125 0.0640625
0 0.875 0.8203125 0.0375 0.04921875
1 0.89453125 0.87578125 0.04296875 0.05859375
0 0.57578125 0.9125 0.0421875 0.046875
0 0.546875 0.60546875 0.0484375 0.0640625
0 0.571875 0.7609375 0.046875 0.0671875
0 0.578125 0.85546875 0.03984375 0.05390625
0 0.57109375 0.6921875 0.04140625 0.05546875
0 0.61015625 0.603125 0.03125 0.05234375
0 0.5140625 0.6984375 0.0421875 0.05546875
0 0.54453125 0.6515625 0.0390625 0.0390625
1 0.58203125 0.63984375 0.03671875 0.05234375