0 0.81171875 0.9703125 0.0734375 0.0546875
0 0.7078125 0.83046875 0.06875 0.0515625
0 0.64375 0.8296875 0.0578125 0.0421875
0 0.55234375 0.5328125 0.075 0.0484375
0 0.29140625 0.6359375 0.06875 0.0578125
0 0.23203125 0.6109375 0.0625 0.05
0 0.1453125 0.51875 0.05625 0.0359375
1 0.3859375 0.16875 0.053125 0.0359375
0 0.203125 0.309375 0.05 0.040625
1 0.25 0.28203125 0.065625 0.05
1 0.21796875 0.2421875 0.046875 0.0421875
1 0.16015625 0.240625 0.053125 0.040625
1 0.13359375 0.27265625 0.0390625 0.03125
1 0.1 0.246875 0.053125 0.04375
1 0.1390625 0.35859375 0.046875 0.04375
1 0.19375 0.396875 0.05625 0.053125
1 0.18515625 0.3484375 0.04375 0.040625
1 0.159375 0.55703125 0.059375 0.0421875
0 0.04453125 0.6921875 0.06875 0.05
0 0.0875 0.64765625 0.065625 0.053125
0 0.84296875 0.10859375 0.05 0.0390625
1 0.89921875 0.08828125 0.059375 0.04375
0 0.9375 0.41796875 0.0484375 0.04375
0 0.62109375 0.44765625 0.065625 0.05
0 0.78125 0.421875 0.06875 0.0484375
0 0.87890625 0.415625 0.05625 0.040625
0 0.71015625 0.42265625 0.05625 0.04375
0 0.61875 0.38203125 0.053125 0.0328125
0 0.71640625 0.48125 0.05625 0.04375
0 0.66875 0.45 0.040625 0.040625
1 0.65625 0.4109375 0.053125 0.0375