0 0.1609375 0.00859375 0.078125 0.0171875
0 0.27109375 0.13671875 0.0734375 0.0546875
0 0.33828125 0.1375 0.0625 0.04375
0 0.4359375 0.45234375 0.0796875 0.0515625
0 0.71171875 0.34296875 0.071875 0.0625
0 0.775 0.36875 0.065625 0.0515625
0 0.86640625 0.46640625 0.059375 0.0375
1 0.61171875 0.83671875 0.0546875 0.0375
0 0.80546875 0.68828125 0.0515625 0.04375
1 0.75625 0.7171875 0.06875 0.053125
1 0.78984375 0.75859375 0.05 0.0453125
1 0.8515625 0.7609375 0.05625 0.0421875
1 0.87890625 0.72734375 0.040625 0.034375
1 0.91484375 0.7546875 0.05625 0.046875
1 0.8734375 0.6359375 0.05 0.0453125
1 0.815625 0.5953125 0.0609375 0.05625
1 0.825 0.646875 0.046875 0.04375
1 0.8515625 0.42578125 0.0640625 0.04375
0 0.96796875 0.2828125 0.0640625 0.053125
0 0.92734375 0.33046875 0.0703125 0.05625
0 0.128125 0.9 0.053125 0.040625
1 0.06796875 0.921875 0.0640625 0.046875
0 0.02734375 0.5734375 0.0515625 0.046875
0 0.3625 0.5421875 0.0703125 0.053125
0 0.19296875 0.56875 0.0734375 0.05
0 0.08984375 0.57578125 0.059375 0.04375
0 0.26796875 0.56796875 0.059375 0.0453125
0 0.365625 0.6109375 0.05625 0.034375
0 0.26171875 0.50546875 0.059375 0.046875
0 0.3125 0.5390625 0.04375 0.04375
1 0.325 0.58046875 0.05625 0.040625