0 0.0671875 0.45 0.075 0.05
0 0.8171875 0.76875 0.053125 0.046875
0 0.8828125 0.7703125 0.0640625 0.05625
0 0.38203125 0.31953125 0.078125 0.0625
0 0.42734375 0.36796875 0.059375 0.05
0 0.27109375 0.36328125 0.0796875 0.0625
0 0.29609375 0.47421875 0.075 0.0546875
1 0.1890625 0.72890625 0.059375 0.046875
1 0.17265625 0.67890625 0.053125 0.0515625
1 0.228125 0.65390625 0.059375 0.0421875
1 0.23359375 0.69765625 0.0625 0.0453125
1 0.2859375 0.68125 0.0546875 0.053125
1 0.340625 0.534375 0.05625 0.046875
1 0.5203125 0.33828125 0.05625 0.046875
1 0.4625 0.32265625 0.05 0.046875