0 0.55390625 0.09609375 0.0484375 0.07265625
0 0.2484375 0.815625 0.04375 0.0515625
0 0.246875 0.87890625 0.053125 0.06171875
0 0.678125 0.3984375 0.059375 0.07421875
0 0.63203125 0.4421875 0.0484375 0.0578125
0 0.63671875 0.2921875 0.059375 0.0765625
0 0.5296875 0.315625 0.05234375 0.07109375
1 0.2859375 0.2140625 0.0453125 0.0578125
1 0.334375 0.19765625 0.04921875 0.05078125
1 0.3578125 0.25078125 0.040625 0.0578125
1 0.31640625 0.25625 0.04375 0.059375
1 0.33203125 0.30625 0.05 0.05234375
1 0.47265625 0.35859375 0.04453125 0.053125
1 0.66015625 0.53046875 0.0453125 0.053125
1 0.675 0.475 0.04453125 0.0484375