0 0.15546875 0.67421875 0.075 0.0546875
0 0.88203125 0.775 0.06875 0.0578125
1 0.9078125 0.06171875 0.059375 0.0515625
0 0.56171875 0.134375 0.078125 0.059375
0 0.134375 0.33125 0.0609375 0.0515625
0 0.2828125 0.34375 0.071875 0.053125
1 0.18359375 0.30546875 0.0484375 0.046875
1 0.23671875 0.31015625 0.05625 0.053125
1 0.3 0.29609375 0.06875 0.05625
1 0.365625 0.3 0.0625 0.05
1 0.51484375 0.1 0.05625 0.046875
0 0.6421875 0.10703125 0.075 0.0546875
1 0.7171875 0.0828125 0.06875 0.05
1 0.85390625 0.07421875 0.046875 0.05
0 0.01328125 0.46640625 0.0265625 0.0515625
1 0.14375 0.875 0.0640625 0.04375
1 0.43515625 0.84140625 0.0625 0.04375
1 0.48203125 0.821875 0.05625 0.040625
1 0.5328125 0.8046875 0.0625 0.046875
1 0.534375 0.85546875 0.0765625 0.053125
1 0.43984375 0.61953125 0.071875 0.046875
1 0.1125 0.83828125 0.065625 0.0453125
1 0.81875 0.51171875 0.0671875 0.053125
1 0.953125 0.77578125 0.06875 0.059375