0 0.56171875 0.9171875 0.05 0.075
0 0.25 0.1828125 0.04375 0.053125
0 0.2484375 0.11875 0.0546875 0.0625
0 0.6890625 0.609375 0.059375 0.075
0 0.6421875 0.56484375 0.05 0.059375
0 0.646875 0.7171875 0.0609375 0.078125
0 0.5375 0.69375 0.053125 0.071875
1 0.2890625 0.79765625 0.046875 0.059375
1 0.3375 0.8140625 0.05 0.0515625
1 0.3625 0.76015625 0.040625 0.059375
1 0.31953125 0.7546875 0.04375 0.0609375
1 0.3359375 0.703125 0.0515625 0.053125
1 0.47890625 0.64921875 0.0453125 0.053125
1 0.67109375 0.47421875 0.046875 0.0546875
1 0.6859375 0.53046875 0.0453125 0.05