0 0.3421875 0.76015625 0.0484375 0.06640625
0 0.02265625 0.09453125 0.0453125 0.06640625
0 0.2515625 0.11015625 0.0515625 0.0625
1 0.88984375 0.08828125 0.04609375 0.05390625
0 0.82421875 0.396875 0.05390625 0.06953125
0 0.6484375 0.77890625 0.04609375 0.0546875
0 0.6375 0.64609375 0.046875 0.06484375
1 0.671875 0.73515625 0.0421875 0.04296875
1 0.6671875 0.6875 0.04765625 0.05
1 0.68046875 0.63046875 0.04921875 0.0609375
1 0.6765625 0.571875 0.04453125 0.05625
1 0.85546875 0.4390625 0.0421875 0.05
0 0.8484375 0.325 0.0484375 0.0671875
1 0.8703125 0.2578125 0.04453125 0.06171875
1 0.878125 0.1359375 0.0453125 0.04140625
0 0.528125 0.90546875 0.0453125 0.05625
1 0.56875 0.92421875 0.0390625 0.0609375
1 0.53203125 0.96171875 0.04609375 0.05546875
1 0.1625 0.7703125 0.03828125 0.05703125
1 0.1921875 0.51015625 0.0390625 0.05625
1 0.21015625 0.46796875 0.03671875 0.04921875
1 0.225 0.42265625 0.0421875 0.05546875
1 0.1796875 0.42109375 0.04765625 0.06796875
1 0.390625 0.50625 0.0421875 0.06484375
1 0.1953125 0.7984375 0.040625 0.0578125
0 0.84921875 0.9421875 0.04609375 0.06875
1 0.4875 0.1671875 0.046875 0.06015625
1 0.25078125 0.046875 0.053125 0.0625