0 0.77265625 0.66484375 0.071875 0.053125
0 0.0578125 0.99140625 0.071875 0.0171875
0 0.075 0.76171875 0.065625 0.0546875
1 0.05078125 0.0765625 0.0578125 0.05
0 0.38203125 0.14609375 0.075 0.0578125
0 0.79296875 0.33515625 0.059375 0.05
0 0.65 0.346875 0.06875 0.05
1 0.74609375 0.3109375 0.046875 0.0453125
1 0.69453125 0.315625 0.053125 0.0515625
1 0.63359375 0.3015625 0.065625 0.053125
1 0.5703125 0.30546875 0.059375 0.046875
1 0.42734375 0.11328125 0.053125 0.0453125
0 0.30546875 0.1203125 0.071875 0.053125
1 0.2328125 0.096875 0.065625 0.046875
1 0.10234375 0.0890625 0.04375 0.0484375
0 0.928125 0.46484375 0.0609375 0.0484375
1 0.9484375 0.42109375 0.065625 0.040625
1 0.97890625 0.46171875 0.0421875 0.0484375
1 0.78359375 0.85703125 0.0625 0.040625
1 0.50390625 0.825 0.059375 0.0421875
1 0.459375 0.80625 0.053125 0.040625
1 0.41015625 0.78984375 0.059375 0.046875
1 0.40859375 0.8390625 0.0734375 0.0515625
1 0.5 0.6125 0.06875 0.0453125
1 0.81328125 0.82265625 0.0625 0.04375
0 0.96484375 0.12109375 0.0703125 0.0484375
1 0.1359375 0.50859375 0.0640625 0.05
1 0.0203125 0.7625 0.040625 0.05625