0 0.915625 0.4671875 0.046875 0.0546875
1 0.8875 0.41796875 0.0484375 0.06484375
0 0.4484375 0.44140625 0.0484375 0.0578125
0 0.43984375 0.365625 0.0484375 0.06796875
1 0.47578125 0.696875 0.05234375 0.06328125
0 0.3984375 0.43359375 0.04609375 0.05859375
0 0.33203125 0.3453125 0.05546875 0.06796875
0 0.39375 0.28984375 0.05078125 0.071875
1 0.44921875 0.2890625 0.0546875 0.07578125
1 0.49140625 0.3265625 0.053125 0.06171875
1 0.484375 0.39453125 0.05546875 0.06484375
1 0.39921875 0.17421875 0.05 0.06328125
1 0.37890625 0.23359375 0.04765625 0.0421875
1 0.3453125 0.284375 0.04609375 0.0515625
1 0.38515625 0.3640625 0.053125 0.07109375
1 0.346875 0.41796875 0.05703125 0.06875