1 0.88125 0.21171875 0.04921875 0.05390625
0 0.6640625 0.384375 0.046875 0.065625
0 0.6359375 0.44296875 0.05234375 0.06328125
0 0.709375 0.4390625 0.0484375 0.0515625
1 0.8484375 0.93671875 0.04375 0.04921875
0 0.5625 0.79921875 0.04765625 0.05546875
1 0.5203125 0.7734375 0.03671875 0.046875
0 0.3875 0.78671875 0.0390625 0.05625
0 0.38359375 0.6640625 0.0515625 0.06875
0 0.30625 0.603125 0.04453125 0.06171875
0 0.384375 0.590625 0.0375 0.06015625
0 0.34609375 0.3734375 0.046875 0.065625
0 0.39140625 0.35234375 0.0453125 0.0609375
1 0.38515625 0.40859375 0.05 0.0546875
1 0.38828125 0.2921875 0.05 0.059375
1 0.4453125 0.4515625 0.04375 0.05546875
1 0.5171875 0.45625 0.05390625 0.06796875
1 0.19296875 0.4765625 0.05234375 0.0703125
1 0.42265625 0.63203125 0.05 0.07109375
1 0.34609375 0.61875 0.03984375 0.05625
1 0.42578125 0.80078125 0.034375 0.04453125
1 0.45546875 0.828125 0.0375 0.05234375
1 0.434375 0.878125 0.05078125 0.06171875
1 0.96171875 0.86484375 0.0578125 0.05703125