0 0.50234375 0.05859375 0.059375 0.05
1 0.4484375 0.08984375 0.0703125 0.053125
0 0.4734375 0.56640625 0.0625 0.053125
0 0.39140625 0.57578125 0.075 0.053125
1 0.7515625 0.53671875 0.06875 0.05625
0 0.465625 0.6203125 0.0625 0.05
0 0.36953125 0.6921875 0.0734375 0.059375
0 0.309375 0.62578125 0.078125 0.0546875
1 0.3078125 0.565625 0.08125 0.059375
1 0.34921875 0.51953125 0.065625 0.0578125
1 0.42265625 0.52734375 0.0703125 0.059375
1 0.1828125 0.61953125 0.06875 0.0546875
1 0.24765625 0.64140625 0.0453125 0.053125
1 0.303125 0.67734375 0.05625 0.05
1 0.38984375 0.634375 0.078125 0.0578125
1 0.44765625 0.67578125 0.075 0.0625