0 0.925 0.58984375 0.053125 0.0609375
1 0.89375 0.6453125 0.0546875 0.071875
0 0.4015625 0.61875 0.0546875 0.065625
0 0.3921875 0.70390625 0.053125 0.0765625
1 0.4328125 0.3328125 0.059375 0.0703125
0 0.34609375 0.628125 0.0515625 0.065625
0 0.271875 0.7265625 0.0625 0.075
0 0.340625 0.78828125 0.05625 0.08125
1 0.40234375 0.78984375 0.0625 0.084375
1 0.45 0.74765625 0.059375 0.06875
1 0.4421875 0.671875 0.0625 0.071875
1 0.346875 0.91875 0.05625 0.071875
1 0.32421875 0.8515625 0.053125 0.046875
1 0.28671875 0.7953125 0.0515625 0.0578125
1 0.33125 0.70546875 0.059375 0.0796875
1 0.2890625 0.64609375 0.0640625 0.0765625