0 0.24453125 0.15546875 0.0625 0.053125
0 0.16875 0.184375 0.078125 0.0546875
0 0.1328125 0.54765625 0.065625 0.046875
0 0.2515625 0.54921875 0.075 0.05625
0 0.6671875 0.28515625 0.071875 0.05625
0 0.7421875 0.309375 0.0703125 0.05625
0 0.74921875 0.37265625 0.090625 0.065625
1 0.80546875 0.3375 0.05625 0.046875
0 0.52265625 0.54921875 0.065625 0.05
0 0.46484375 0.59453125 0.071875 0.0625
1 0.57578125 0.57265625 0.05 0.0484375
0 0.303125 0.91171875 0.075 0.0546875
0 0.07109375 0.6859375 0.078125 0.053125
1 0.240625 0.21171875 0.0640625 0.0546875
0 0.66875 0.9484375 0.0875 0.059375
1 0.32734375 0.55703125 0.075 0.059375
1 0.10234375 0.96875 0.06875 0.0546875
1 0.1484375 0.7359375 0.071875 0.05625
1 0.07890625 0.76640625 0.075 0.05625
1 0.02890625 0.73046875 0.05625 0.065625
0 0.45546875 0.53515625 0.0640625 0.05625
0 0.3453125 0.81796875 0.0796875 0.0578125
1 0.3859375 0.90703125 0.0859375 0.06875