0 0.72734375 0.19453125 0.0609375 0.05
0 0.79921875 0.22265625 0.075 0.053125
0 0.97890625 0.40546875 0.040625 0.05625
0 0.83359375 0.57109375 0.0625 0.0453125
0 0.7203125 0.57265625 0.0734375 0.053125
0 0.32109375 0.31875 0.06875 0.0546875
0 0.2484375 0.3421875 0.0671875 0.05625
0 0.24140625 0.403125 0.0875 0.0625
1 0.1875 0.36953125 0.0546875 0.04375
0 0.459375 0.57265625 0.0625 0.0484375
0 0.51484375 0.61640625 0.06875 0.059375
1 0.40859375 0.5953125 0.046875 0.046875
0 0.6703125 0.9203125 0.071875 0.053125
0 0.89296875 0.70390625 0.075 0.053125
1 0.73046875 0.24921875 0.0625 0.053125
0 0.31953125 0.95625 0.084375 0.05625
1 0.646875 0.58046875 0.071875 0.0578125
1 0.86171875 0.97421875 0.0671875 0.05
1 0.81875 0.7515625 0.06875 0.053125
1 0.8859375 0.78125 0.071875 0.0546875
1 0.9453125 0.74765625 0.0765625 0.0625
0 0.52421875 0.559375 0.0609375 0.053125
0 0.63046875 0.83125 0.0765625 0.05625
1 0.590625 0.91640625 0.0828125 0.065625