0 0.21640625 0.6953125 0.04765625 0.0578125
0 0.2421875 0.7640625 0.05 0.0703125
0 0.084375 0.9765625 0.05703125 0.046875
0 0.41640625 0.95 0.053125 0.0703125
0 0.57265625 0.796875 0.04296875 0.059375
0 0.57421875 0.6890625 0.0515625 0.06953125
0 0.33359375 0.31015625 0.0515625 0.06484375
0 0.35546875 0.2421875 0.05234375 0.0640625
0 0.4140625 0.23515625 0.059375 0.08203125
1 0.38125 0.184375 0.0421875 0.0515625
0 0.57421875 0.44140625 0.04609375 0.06015625
0 0.615625 0.49453125 0.05625 0.065625
1 0.59609375 0.39296875 0.04375 0.0453125
0 0.9046875 0.6421875 0.05 0.06875
0 0.69921875 0.853125 0.04921875 0.071875
1 0.2671875 0.69921875 0.05 0.05859375
0 0.93828125 0.30859375 0.05390625 0.07890625
1 0.58203125 0.61953125 0.0546875 0.06796875
1 0.95625 0.82421875 0.05 0.06328125
1 0.74453125 0.78203125 0.05078125 0.065625
1 0.77265625 0.84609375 0.0515625 0.0671875
1 0.740625 0.90234375 0.059375 0.07265625
0 0.56171875 0.503125 0.05078125 0.0578125
0 0.81953125 0.60390625 0.053125 0.07265625
1 0.9 0.56640625 0.0625 0.078125