1 0.80625 0.890625 0.059375 0.053125
0 0.62109375 0.6578125 0.0703125 0.05
0 0.5578125 0.62734375 0.06875 0.05625
0 0.5625 0.70625 0.05625 0.053125
1 0.028125 0.85625 0.053125 0.046875
0 0.175 0.5484375 0.059375 0.0515625
1 0.203125 0.503125 0.05 0.040625
0 0.1890625 0.3609375 0.0609375 0.0421875
0 0.3203125 0.35625 0.0734375 0.05625
0 0.3859375 0.2734375 0.065625 0.046875
0 0.39921875 0.35703125 0.065625 0.040625
0 0.6328125 0.31640625 0.0703125 0.05
0 0.65546875 0.36484375 0.065625 0.0484375
1 0.59453125 0.35859375 0.059375 0.053125
1 0.71953125 0.3609375 0.0625 0.053125
1 0.5484375 0.42265625 0.059375 0.046875
1 0.54375 0.5 0.0734375 0.0578125
1 0.521875 0.1515625 0.075 0.05625
1 0.3546875 0.3984375 0.0765625 0.053125
1 0.36953125 0.31640625 0.059375 0.0421875
1 0.1734375 0.40234375 0.0484375 0.0375
1 0.14375 0.43359375 0.05625 0.040625
1 0.090625 0.41171875 0.065625 0.0546875
1 0.10546875 0.97265625 0.0625 0.0546875