1 0.83125 0.88671875 0.059375 0.053125
0 0.64296875 0.64921875 0.071875 0.05
0 0.578125 0.61875 0.06875 0.05625
0 0.5828125 0.6984375 0.05625 0.053125
1 0.0390625 0.85078125 0.053125 0.0484375
0 0.1890625 0.53828125 0.0609375 0.053125
1 0.2171875 0.4921875 0.0515625 0.040625
0 0.20234375 0.34765625 0.0625 0.04375
0 0.33671875 0.34296875 0.075 0.05625
0 0.403125 0.25859375 0.06875 0.0484375
0 0.4171875 0.34375 0.065625 0.040625
0 0.6546875 0.3015625 0.071875 0.0515625
0 0.67734375 0.3515625 0.065625 0.05
1 0.615625 0.34453125 0.059375 0.0546875
1 0.74296875 0.34765625 0.065625 0.053125
1 0.56875 0.41015625 0.059375 0.046875
1 0.5640625 0.48828125 0.075 0.059375
1 0.54140625 0.13515625 0.0765625 0.0578125
1 0.371875 0.38515625 0.078125 0.0546875
1 0.3859375 0.3015625 0.0625 0.04375
1 0.18671875 0.3890625 0.05 0.0375
1 0.15703125 0.42109375 0.05625 0.040625
1 0.10234375 0.3984375 0.0671875 0.05625
1 0.11796875 0.97109375 0.0625 0.0578125