0 0.153125 0.56953125 0.05546875 0.0703125
0 0.33515625 0.07421875 0.03984375 0.046875
0 0.4234375 0.04765625 0.04921875 0.05546875
0 0.35625 0.1234375 0.04921875 0.04765625
0 0.425 0.10703125 0.04765625 0.05
0 0.46953125 0.07421875 0.05078125 0.05390625
0 0.759375 0.24375 0.04921875 0.05234375
0 0.90390625 0.27890625 0.040625 0.0578125
0 0.79609375 0.7421875 0.04140625 0.05625
0 0.834375 0.76640625 0.03984375 0.06171875
0 0.79921875 0.9828125 0.0515625 0.034375
0 0.2453125 0.90234375 0.03671875 0.04921875
0 0.2828125 0.93828125 0.0421875 0.05234375
0 0.234375 0.8390625 0.04296875 0.06640625
0 0.284375 0.871875 0.0515625 0.0640625
1 0.528125 0.49921875 0.05390625 0.059375
1 0.7 0.59609375 0.046875 0.06015625
1 0.9609375 0.78515625 0.05 0.0625
0 0.65625 0.3234375 0.04765625 0.053125
1 0.8765625 0.21953125 0.0375 0.05234375
0 0.88828125 0.16640625 0.03984375 0.05
0 0.91953125 0.2078125 0.03359375 0.04453125
1 0.37734375 0.0671875 0.04375 0.05625