0 0.2453125 0.54921875 0.046875 0.06875
0 0.41875 0.25625 0.046875 0.065625
1 0.51015625 0.3890625 0.053125 0.0734375
1 0.33359375 0.32421875 0.0640625 0.090625
1 0.37890625 0.2890625 0.0484375 0.065625
1 0.4671875 0.2140625 0.0546875 0.0765625
1 0.20390625 0.50390625 0.05 0.0671875
0 0.74140625 0.2359375 0.0578125 0.075
0 0.853125 0.34609375 0.0546875 0.0703125
0 0.94375 0.2796875 0.0453125 0.0734375
0 0.91875 0.64609375 0.05 0.0703125
0 0.55390625 0.67734375 0.05 0.0625
0 0.503125 0.97265625 0.046875 0.053125
0 0.6578125 0.9703125 0.046875 0.059375
0 0.68203125 0.815625 0.040625 0.065625
0 0.69921875 0.7484375 0.0453125 0.0625
0 0.9671875 0.96640625 0.0453125 0.05625
0 0.9828125 0.89296875 0.034375 0.065625
0 0.921875 0.9015625 0.053125 0.05625
0 0.5953125 0.96796875 0.040625 0.05625
0 0.1421875 0.95 0.0453125 0.059375
0 0.30546875 0.6953125 0.0578125 0.059375
0 0.3484375 0.971875 0.0546875 0.05625
0 0.18359375 0.92421875 0.0375 0.059375
1 0.35703125 0.809375 0.05625 0.06875
1 0.54609375 0.73984375 0.0421875 0.046875
1 0.5015625 0.69453125 0.04375 0.0609375
1 0.5921875 0.64765625 0.0453125 0.053125
1 0.7765625 0.61171875 0.065625 0.06875
1 0.94140625 0.52890625 0.046875 0.0578125
1 0.54921875 0.95078125 0.040625 0.0609375
1 0.721875 0.40859375 0.0453125 0.059375
1 0.90859375 0.3859375 0.040625 0.0515625
1 0.90546875 0.3140625 0.046875 0.059375