0 0.878125 0.14453125 0.04375 0.05625
0 0.5046875 0.05859375 0.05625 0.078125
0 0.1734375 0.103125 0.0515625 0.084375
0 0.1734375 0.71875 0.059375 0.071875
0 0.0375 0.4734375 0.0546875 0.071875
0 0.28359375 0.73046875 0.05625 0.071875
1 0.321875 0.6765625 0.0625 0.06875
1 0.01328125 0.525 0.025 0.071875
1 0.05390625 0.3546875 0.05625 0.0703125
1 0.06484375 0.28125 0.0640625 0.075
1 0.4734375 0.0171875 0.0546875 0.034375
1 0.71953125 0.02109375 0.05 0.040625
1 0.84921875 0.3828125 0.0546875 0.06875
1 0.5890625 0.0859375 0.053125 0.078125
1 0.5390625 0.10546875 0.046875 0.06875
1 0.21796875 0.9109375 0.05625 0.071875
0 0.06015625 0.83515625 0.053125 0.0640625
0 0.0421875 0.91015625 0.05625 0.075
0 0.01015625 0.95625 0.01875 0.071875
0 0.05859375 0.9671875 0.05625 0.065625
0 0.90234375 0.62578125 0.0546875 0.065625
1 0.8953125 0.8203125 0.0484375 0.059375
1 0.840625 0.834375 0.059375 0.075