0 0.38125 0.57421875 0.05625 0.05
0 0.69296875 0.7171875 0.05625 0.04375
1 0.03515625 0.71015625 0.05 0.0375
1 0.04453125 0.671875 0.05 0.0421875
1 0.08671875 0.69921875 0.05625 0.04375
1 0.034375 0.9515625 0.05 0.034375
1 0.02421875 0.91328125 0.0484375 0.0453125
1 0.33359375 0.91953125 0.06875 0.04375
1 0.32265625 0.7578125 0.0625 0.0421875
1 0.378125 0.7515625 0.0453125 0.046875
1 0.55078125 0.6890625 0.0625 0.0375
1 0.68046875 0.83359375 0.0515625 0.04375
1 0.73671875 0.8578125 0.05625 0.040625
1 0.78671875 0.83203125 0.078125 0.0546875
1 0.6828125 0.77734375 0.0578125 0.0453125
1 0.72265625 0.6828125 0.059375 0.04375
1 0.7828125 0.340625 0.053125 0.0359375
1 0.778125 0.38203125 0.0625 0.0453125
1 0.6453125 0.2046875 0.0625 0.05
1 0.60859375 0.23671875 0.05625 0.0375
1 0.596875 0.27734375 0.078125 0.0453125
1 0.490625 0.21640625 0.05625 0.0421875
1 0.46015625 0.24765625 0.0625 0.0453125
1 0.640625 0.55625 0.053125 0.040625
1 0.24296875 0.46640625 0.065625 0.0515625
1 0.246875 0.41171875 0.05625 0.040625