0 0.834375 0.125 0.05 0.040625
0 0.91328125 0.46640625 0.071875 0.053125
0 0.871875 0.76953125 0.0765625 0.046875
0 0.309375 0.76953125 0.065625 0.0546875
0 0.53359375 0.89375 0.065625 0.05
0 0.29921875 0.66875 0.065625 0.053125
1 0.3484375 0.634375 0.0625 0.05625
1 0.4859375 0.9265625 0.065625 0.04375
1 0.6421875 0.87890625 0.0640625 0.05
1 0.709375 0.86875 0.06875 0.059375
1 0.9671875 0.49453125 0.065625 0.05
1 0.95546875 0.2703125 0.05625 0.046875
1 0.61640625 0.1515625 0.0625 0.05
1 0.88828125 0.3890625 0.071875 0.05
1 0.8703125 0.43515625 0.0640625 0.04375
1 0.0234375 0.5875 0.046875 0.0453125
1 0.13359375 0.72890625 0.065625 0.0515625
0 0.203125 0.8734375 0.059375 0.0484375
0 0.134375 0.88984375 0.06875 0.05
0 0.0921875 0.934375 0.065625 0.0484375
0 0.07578125 0.875 0.071875 0.05
0 0.39453125 0.103125 0.059375 0.05
1 0.2171875 0.10859375 0.053125 0.04375
1 0.20390625 0.159375 0.06875 0.053125