1 0.2921875 0.934375 0.0734375 0.05
0 0.43203125 0.68125 0.065625 0.04375
0 0.71328125 0.51484375 0.0640625 0.046875
1 0.58515625 0.42734375 0.071875 0.05
1 0.64765625 0.596875 0.0875 0.0625
1 0.68203125 0.553125 0.0625 0.046875
1 0.75390625 0.46875 0.0734375 0.053125
1 0.47578125 0.721875 0.0640625 0.046875
0 0.978125 0.7421875 0.04375 0.04375
0 0.7328125 0.20546875 0.071875 0.05625
0 0.6265625 0.09765625 0.06875 0.053125
0 0.69140625 0.01640625 0.071875 0.0328125
0 0.3390625 0.034375 0.06875 0.046875
0 0.30859375 0.38515625 0.059375 0.0484375
0 0.02578125 0.434375 0.05 0.0453125
0 0.028125 0.2859375 0.05625 0.046875
0 0.17578125 0.26171875 0.0625 0.040625
0 0.240625 0.24609375 0.0609375 0.04375
0 0.03125 0.00546875 0.053125 0.0109375
0 0.09296875 0.03203125 0.0546875 0.0515625
0 0.0296875 0.3453125 0.053125 0.0390625
0 0.046875 0.78046875 0.05625 0.04375
0 0.29140625 0.62421875 0.05625 0.05625
0 0.0265625 0.5828125 0.053125 0.0515625
0 0.071875 0.74140625 0.0578125 0.0359375
1 0.18203125 0.575 0.065625 0.0546875
1 0.2484375 0.3921875 0.04375 0.040625
1 0.2921875 0.4359375 0.059375 0.0421875
1 0.33671875 0.3484375 0.05 0.04375
1 0.371875 0.17109375 0.065625 0.0625
1 0.4515625 0.01796875 0.05625 0.0359375
1 0.04609375 0.38984375 0.059375 0.0390625
1 0.56640625 0.22421875 0.05625 0.04375
1 0.58828125 0.04453125 0.05 0.0375
1 0.6578125 0.04765625 0.05625 0.04375