1 0.925 0.375 0.06875 0.0546875
0 0.915625 0.7921875 0.0625 0.053125
0 0.659375 0.29921875 0.0609375 0.053125
0 0.62734375 0.48671875 0.084375 0.053125
0 0.96328125 0.94140625 0.0640625 0.0453125
1 0.74453125 0.95390625 0.065625 0.05
0 0.46953125 0.76328125 0.06875 0.05
0 0.440625 0.91015625 0.065625 0.059375
0 0.2546875 0.515625 0.0515625 0.0453125
0 0.44140625 0.53046875 0.065625 0.0453125
0 0.1921875 0.50859375 0.065625 0.05
1 0.2640625 0.78984375 0.065625 0.0515625
1 0.228125 0.7625 0.05625 0.040625
1 0.27890625 0.35703125 0.06875 0.05
0 0.4578125 0.1234375 0.06875 0.046875
0 0.62109375 0.00859375 0.0734375 0.0171875