1 0.37734375 0.08203125 0.0546875 0.0671875
0 0.78984375 0.090625 0.053125 0.0625
0 0.30234375 0.34453125 0.05390625 0.06015625
0 0.4875 0.3765625 0.05390625 0.08203125
0 0.9375 0.04375 0.0453125 0.06328125
1 0.95 0.26015625 0.0484375 0.06484375
0 0.7609375 0.53203125 0.05 0.0671875
0 0.90703125 0.5609375 0.0578125 0.065625
0 0.51640625 0.7453125 0.04453125 0.05078125
0 0.53125 0.56015625 0.0453125 0.0640625
0 0.509375 0.80625 0.05 0.06484375
1 0.78671875 0.73515625 0.05 0.06484375
1 0.76015625 0.77109375 0.040625 0.0546875
1 0.359375 0.72109375 0.04921875 0.06875
0 0.128125 0.54375 0.04609375 0.06875
0 0.01171875 0.38203125 0.0234375 0.07265625