0 0.34140625 0.08203125 0.0546875 0.06953125
0 0.5140625 0.2609375 0.04453125 0.06171875
0 0.47578125 0.778125 0.04296875 0.06015625
0 0.1765625 0.61328125 0.04375 0.0671875
0 0.9046875 0.61875 0.05 0.06328125
0 0.75546875 0.30859375 0.05 0.05390625
0 0.7515625 0.24296875 0.05 0.071875
0 0.81796875 0.41953125 0.04765625 0.0671875
1 0.21171875 0.6515625 0.0328125 0.04609375
1 0.21875 0.5875 0.03828125 0.05390625
1 0.3734375 0.6921875 0.05234375 0.0640625
0 0.60390625 0.86171875 0.05078125 0.08203125
1 0.7265625 0.9203125 0.0484375 0.05859375
0 0.65390625 0.65390625 0.04375 0.0640625
1 0.80546875 0.64765625 0.04609375 0.0640625
0 0.83515625 0.7 0.04140625 0.05859375
1 0.89296875 0.33203125 0.04453125 0.05625
1 0.91484375 0.275 0.0421875 0.05
0 0.9296875 0.36796875 0.05 0.05859375
0 0.946875 0.32265625 0.03984375 0.053125
1 0.4390625 0.18984375 0.03203125 0.040625
1 0.44921875 0.13984375 0.03515625 0.0515625
1 0.46796875 0.2109375 0.04296875 0.04375