0 0.13203125 0.1671875 0.03984375 0.05078125
0 0.46953125 0.0890625 0.0515625 0.07109375
0 0.76953125 0.1296875 0.046875 0.07578125
0 0.76953125 0.68671875 0.05390625 0.06484375
0 0.8921875 0.4640625 0.04921875 0.06484375
0 0.6703125 0.696875 0.0515625 0.0640625
1 0.6359375 0.64765625 0.05625 0.06171875
1 0.925 0.51171875 0.04375 0.06484375
1 0.878125 0.3578125 0.05 0.06328125
1 0.8671875 0.290625 0.0578125 0.0671875
1 0.4984375 0.0359375 0.04921875 0.06640625
1 0.27578125 0.046875 0.04609375 0.05546875
1 0.15859375 0.3828125 0.04921875 0.0625
1 0.39375 0.1140625 0.0484375 0.07109375
1 0.4390625 0.13125 0.04375 0.06328125
1 0.590625 0.97109375 0.04375 0.046875
1 0.7296875 0.86015625 0.05078125 0.0640625
0 0.87265625 0.79140625 0.04765625 0.0578125
0 0.88828125 0.859375 0.05078125 0.0671875
0 0.9328125 0.9015625 0.046875 0.06484375
0 0.87421875 0.91796875 0.05 0.07265625
0 0.11015625 0.60234375 0.04921875 0.05859375
1 0.11640625 0.778125 0.04375 0.05390625
1 0.16640625 0.79140625 0.053125 0.0671875