0 0.0578125 0.3953125 0.05703125 0.06875
0 0.58203125 0.86796875 0.053125 0.06796875
0 0.36640625 0.42109375 0.05390625 0.05859375
0 0.43046875 0.3359375 0.0453125 0.0609375
1 0.503125 0.43125 0.05546875 0.06015625
1 0.64375 0.69453125 0.04609375 0.05703125
0 0.56015625 0.81328125 0.0421875 0.04921875
1 0.428125 0.86953125 0.0390625 0.05859375
1 0.25546875 0.821875 0.0453125 0.053125
0 0.17578125 0.86015625 0.0515625 0.06484375
1 0.1984375 0.728125 0.0421875 0.05546875
1 0.0421875 0.22734375 0.05859375 0.0765625
0 0.3453125 0.9234375 0.0484375 0.06015625
1 0.25234375 0.94296875 0.0421875 0.05859375
0 0.771875 0.88359375 0.04609375 0.0578125
1 0.8453125 0.9609375 0.046875 0.0546875
0 0.871875 0.253125 0.04296875 0.065625
1 0.9234375 0.2609375 0.046875 0.0640625
0 0.9609375 0.83359375 0.0359375 0.05
1 0.971875 0.7609375 0.046875 0.06640625