1 0.18359375 0.31796875 0.05234375 0.059375
0 0.35390625 0.61953125 0.0515625 0.06484375
0 0.35546875 0.675 0.040625 0.0484375
1 0.44296875 0.4640625 0.0453125 0.05390625
0 0.9765625 0.87578125 0.046875 0.06171875
1 0.90234375 0.4203125 0.0484375 0.059375
1 0.79140625 0.21875 0.04765625 0.06015625
0 0.78984375 0.39609375 0.0484375 0.07109375
0 0.709375 0.11328125 0.04140625 0.05078125
1 0.70703125 0.03671875 0.05078125 0.0640625
1 0.66484375 0.13125 0.0421875 0.04453125
1 0.66328125 0.07265625 0.04296875 0.053125