0 0.43359375 0.85703125 0.071875 0.05625
0 0.9375 0.671875 0.046875 0.040625
0 0.9640625 0.5828125 0.05625 0.05
0 0.8875 0.65078125 0.0484375 0.05
0 0.90390625 0.58125 0.05 0.0484375
0 0.93671875 0.5359375 0.05625 0.0515625
0 0.76484375 0.24140625 0.053125 0.05
0 0.7296875 0.09375 0.059375 0.040625
0 0.2578125 0.20390625 0.05625 0.0421875
0 0.2328125 0.16484375 0.0625 0.040625
0 0.015625 0.2015625 0.03125 0.053125
0 0.0953125 0.76328125 0.05 0.0375
0 0.05859375 0.72578125 0.053125 0.04375
0 0.159375 0.77421875 0.0671875 0.04375
0 0.12578125 0.72421875 0.065625 0.053125
1 0.50546875 0.4765625 0.059375 0.0546875
1 0.40625 0.3015625 0.0609375 0.046875
1 0.21484375 0.03671875 0.0640625 0.05
0 0.68359375 0.34609375 0.053125 0.0484375
1 0.78984375 0.121875 0.053125 0.0375
0 0.84375 0.11015625 0.05 0.040625
0 0.8015625 0.07890625 0.0453125 0.034375
1 0.94375 0.6296875 0.05625 0.04375