0 0.94140625 0.66015625 0.075 0.059375
0 0.75078125 0.47578125 0.065625 0.046875
0 0.1984375 0.51640625 0.065625 0.046875
0 0.37421875 0.8359375 0.071875 0.046875
0 0.36875 0.059375 0.0671875 0.053125
0 0.7 0.21875 0.0578125 0.053125
0 0.76953125 0.221875 0.0765625 0.053125
0 0.58125 0.1515625 0.071875 0.05
1 0.33359375 0.7984375 0.05 0.0359375
1 0.4015625 0.790625 0.05625 0.040625
1 0.290625 0.62578125 0.06875 0.05625
0 0.109375 0.38046875 0.0875 0.0546875
1 0.046875 0.24921875 0.0625 0.0515625
0 0.33125 0.3265625 0.06875 0.046875
1 0.3375 0.165625 0.06875 0.05
0 0.28203125 0.13359375 0.0625 0.04375
1 0.675 0.071875 0.059375 0.046875
1 0.73515625 0.0484375 0.053125 0.04375
0 0.6359375 0.0328125 0.0625 0.053125
0 0.6859375 0.01796875 0.05625 0.0359375
1 0.8265625 0.55625 0.04375 0.034375
1 0.8796875 0.5453125 0.0546875 0.0375
1 0.80390625 0.525 0.046875 0.0453125