0 0.38828125 0.03359375 0.071875 0.059375
0 0.8796875 0.57734375 0.071875 0.05625
0 0.41484375 0.353125 0.0609375 0.05625
0 0.3265625 0.4203125 0.0625 0.046875
1 0.42578125 0.4953125 0.0625 0.0578125
1 0.6984375 0.640625 0.059375 0.046875
0 0.821875 0.5546875 0.05 0.04375
1 0.88046875 0.4171875 0.0609375 0.040625
1 0.83125 0.23828125 0.05625 0.046875
0 0.87109375 0.15546875 0.0671875 0.053125
1 0.73359375 0.17890625 0.0578125 0.04375
1 0.2125 0.0234375 0.078125 0.046875
0 0.93671875 0.33125 0.0625 0.05
1 0.95703125 0.23515625 0.0609375 0.04375
0 0.8953125 0.77421875 0.059375 0.046875
1 0.97265625 0.85 0.053125 0.046875
0 0.240625 0.878125 0.06875 0.0453125
1 0.2484375 0.93046875 0.065625 0.0484375
0 0.84296875 0.9703125 0.053125 0.0375
1 0.7671875 0.978125 0.06875 0.04375