0 0.6484375 0.01484375 0.075 0.0296875
0 0.125 0.578125 0.075 0.059375
0 0.61953125 0.3390625 0.065625 0.059375
0 0.71328125 0.41015625 0.06875 0.05
1 0.6078125 0.490625 0.065625 0.0625
1 0.3171875 0.6453125 0.0625 0.05
0 0.1859375 0.55390625 0.0546875 0.046875
1 0.12421875 0.40703125 0.065625 0.04375
1 0.1765625 0.21640625 0.059375 0.05
0 0.134375 0.12890625 0.071875 0.05625
1 0.2796875 0.153125 0.0625 0.046875
1 0.834375 0.00625 0.084375 0.0125
0 0.0640625 0.315625 0.065625 0.053125
1 0.0421875 0.2140625 0.065625 0.046875
0 0.1078125 0.7875 0.0640625 0.0515625
1 0.02734375 0.86796875 0.053125 0.05
0 0.8046875 0.8984375 0.071875 0.0484375
1 0.796875 0.9546875 0.071875 0.0515625
0 0.1640625 0.9875 0.05625 0.025
1 0.24453125 0.990625 0.0734375 0.01875