0 0.56328125 0.3265625 0.0546875 0.0625
0 0.7171875 0.6640625 0.046875 0.0609375
1 0.696875 0.01875 0.046875 0.0375
1 0.93671875 0.27421875 0.046875 0.075
1 0.76171875 0.26328125 0.046875 0.0671875
1 0.7546875 0.3234375 0.05 0.05
1 0.68671875 0.51015625 0.040625 0.0671875
1 0.84296875 0.65 0.046875 0.05625
1 0.8703125 0.71015625 0.04375 0.059375
1 0.8421875 0.76484375 0.059375 0.084375
1 0.7828125 0.65234375 0.05 0.0625
1 0.68046875 0.6953125 0.046875 0.0640625
1 0.3109375 0.7609375 0.0390625 0.05625
1 0.35546875 0.75546875 0.05 0.06875
1 0.16328125 0.61171875 0.05625 0.06875
1 0.1984375 0.57265625 0.040625 0.0625
1 0.24140625 0.559375 0.05 0.084375
1 0.17578125 0.44453125 0.046875 0.059375
1 0.209375 0.41171875 0.05 0.0671875
1 0.54375 0.60625 0.04375 0.05625
1 0.44609375 0.17734375 0.05625 0.06875
1 0.3875 0.18125 0.04375 0.0609375