1 0.96875 0.41484375 0.0625 0.059375
0 0.9640625 0.87265625 0.06875 0.059375
0 0.68203125 0.33125 0.0671875 0.059375
0 0.646875 0.5375 0.090625 0.059375
0 0.4734375 0.84140625 0.075 0.05625
0 0.44140625 0.98515625 0.071875 0.0296875
0 0.23671875 0.56953125 0.05625 0.05
0 0.4421875 0.5859375 0.071875 0.05
0 0.16875 0.5609375 0.071875 0.05625
1 0.24765625 0.8703125 0.071875 0.05625
1 0.2078125 0.83984375 0.0609375 0.0453125
1 0.26328125 0.3953125 0.0765625 0.0546875
0 0.4609375 0.13828125 0.0765625 0.0515625
0 0.63984375 0.0109375 0.08125 0.021875