1 0.07265625 0.709375 0.04765625 0.06875
0 0.3109375 0.578125 0.04140625 0.0625
0 0.46796875 0.3125 0.04296875 0.06015625
1 0.55 0.4328125 0.046875 0.06640625
1 0.39140625 0.37421875 0.05859375 0.08125
1 0.43203125 0.3421875 0.04375 0.059375
1 0.51171875 0.275 0.04921875 0.06953125
1 0.2734375 0.53671875 0.04453125 0.0609375
0 0.25390625 0.05390625 0.04140625 0.06171875
0 0.759375 0.29453125 0.05234375 0.06875
0 0.8609375 0.39453125 0.04921875 0.0640625
0 0.94296875 0.334375 0.04140625 0.06640625
0 0.9203125 0.66484375 0.04453125 0.0640625
0 0.58984375 0.69375 0.0453125 0.05546875
0 0.54453125 0.96484375 0.04296875 0.05703125
0 0.68359375 0.95859375 0.04296875 0.053125
0 0.70625 0.81875 0.0375 0.059375
0 0.72109375 0.7578125 0.040625 0.05703125
0 0.9640625 0.95546875 0.040625 0.05078125
0 0.98125 0.8890625 0.03671875 0.0578125
0 0.9234375 0.896875 0.0484375 0.0515625
0 0.628125 0.95625 0.03671875 0.05078125
0 0.2171875 0.93984375 0.040625 0.05390625
0 0.36484375 0.71015625 0.05234375 0.053125
0 0.4046875 0.9671875 0.04921875 0.0640625
0 0.2546875 0.9171875 0.03359375 0.0546875
1 0.41171875 0.81328125 0.0515625 0.0625
1 0.58359375 0.75 0.03828125 0.04140625
1 0.54296875 0.709375 0.03984375 0.05546875
1 0.625 0.6671875 0.04140625 0.04765625
1 0.79140625 0.634375 0.05859375 0.0625
1 0.94140625 0.559375 0.04140625 0.05234375
1 0.5859375 0.94140625 0.03671875 0.0546875
1 0.7421875 0.45078125 0.040625 0.053125
1 0.91171875 0.43046875 0.0359375 0.046875
1 0.9078125 0.36484375 0.04140625 0.053125