0 0.56171875 0.37890625 0.04921875 0.05546875
0 0.70078125 0.68203125 0.0421875 0.0546875
1 0.69375 0.0421875 0.03671875 0.04921875
1 0.65625 0.05 0.040625 0.04765625
1 0.6828125 0.0921875 0.04140625 0.0546875
1 0.92890625 0.040625 0.0328125 0.0484375
1 0.8921875 0.028125 0.04375 0.053125
1 0.89765625 0.33125 0.04296875 0.06640625
1 0.73984375 0.32109375 0.04140625 0.0609375
1 0.73359375 0.375 0.04609375 0.04453125
1 0.67265625 0.54296875 0.0359375 0.0609375
1 0.81328125 0.66875 0.04140625 0.05
1 0.8375 0.7234375 0.0390625 0.05390625
1 0.8125 0.77265625 0.053125 0.075
1 0.75859375 0.67109375 0.04453125 0.05625
1 0.66640625 0.71015625 0.04296875 0.0578125
1 0.334375 0.76875 0.03515625 0.05078125
1 0.37421875 0.76484375 0.04453125 0.0609375
1 0.2015625 0.63515625 0.05 0.0609375
1 0.2328125 0.6 0.03671875 0.05546875
1 0.271875 0.5875 0.04453125 0.07578125
1 0.21328125 0.484375 0.04140625 0.0546875
1 0.24296875 0.4546875 0.04453125 0.06015625
1 0.54375 0.63046875 0.03984375 0.0515625
1 0.45625 0.24375 0.05078125 0.0625
1 0.403125 0.24765625 0.03984375 0.0546875