0 0.134375 0.584375 0.0578125 0.0734375
0 0.325 0.0671875 0.040625 0.0484375
0 0.41640625 0.03984375 0.0515625 0.0578125
0 0.346875 0.11875 0.05 0.05
0 0.41796875 0.1015625 0.05 0.053125
0 0.46484375 0.06796875 0.053125 0.05625
0 0.76796875 0.24453125 0.05 0.0546875
0 0.91875 0.28046875 0.0421875 0.059375
0 0.80625 0.76484375 0.04375 0.059375
0 0.84609375 0.790625 0.040625 0.065625
0 0.23046875 0.93125 0.0375 0.0515625
0 0.26953125 0.96953125 0.04375 0.053125
0 0.21953125 0.86640625 0.04375 0.06875
0 0.271875 0.9 0.053125 0.0671875
1 0.52578125 0.5109375 0.05625 0.0625
1 0.70546875 0.6125 0.05 0.0625
1 0.97578125 0.80859375 0.0484375 0.065625
0 0.66015625 0.328125 0.05 0.0546875
1 0.88984375 0.21875 0.0390625 0.0546875
0 0.90234375 0.1640625 0.0421875 0.053125
0 0.934375 0.20703125 0.034375 0.046875
1 0.36875 0.0609375 0.0453125 0.059375