0 0.65859375 0.08203125 0.0546875 0.06875
0 0.4859375 0.2609375 0.04375 0.0625
0 0.52421875 0.778125 0.04375 0.059375
0 0.8234375 0.61328125 0.04375 0.0671875
0 0.0953125 0.61875 0.05 0.0625
0 0.24453125 0.30859375 0.05 0.053125
0 0.2484375 0.24296875 0.05 0.071875
0 0.18203125 0.41953125 0.046875 0.0671875
1 0.78828125 0.6515625 0.0328125 0.046875
1 0.78125 0.5875 0.0375 0.053125
1 0.6265625 0.6921875 0.053125 0.0640625
0 0.39609375 0.86171875 0.05 0.08125
1 0.2734375 0.9203125 0.0484375 0.059375
0 0.34609375 0.65390625 0.04375 0.0640625
1 0.19453125 0.64765625 0.046875 0.0640625
0 0.16484375 0.7 0.040625 0.059375
1 0.10703125 0.33203125 0.04375 0.05625
1 0.08515625 0.275 0.0421875 0.05
0 0.0703125 0.36796875 0.05 0.059375
0 0.053125 0.32265625 0.040625 0.053125
1 0.5609375 0.18984375 0.03125 0.040625
1 0.55078125 0.13984375 0.034375 0.0515625
1 0.53203125 0.2109375 0.04375 0.04375