0 0.14140625 0.63125 0.05078125 0.06796875
0 0.09453125 0.6359375 0.04375 0.06328125
0 0.2234375 0.490625 0.04765625 0.053125
0 0.18046875 0.4578125 0.0453125 0.05390625
0 0.11640625 0.26796875 0.04375 0.0578125
0 0.3078125 0.05546875 0.05078125 0.06796875
0 0.73515625 0.09609375 0.04453125 0.0625
0 0.88671875 0.29921875 0.0515625 0.06484375
0 0.96015625 0.5640625 0.0546875 0.06953125
0 0.56875 0.55625 0.05078125 0.05703125
0 0.36875 0.44375 0.04765625 0.07109375
0 0.33046875 0.48828125 0.053125 0.0671875
0 0.38515625 0.59296875 0.04921875 0.06328125
1 0.82109375 0.88203125 0.0546875 0.06640625
1 0.93359375 0.61953125 0.03515625 0.046875
1 0.77890625 0.1203125 0.03515625 0.05546875
0 0.3703125 0.16171875 0.03515625 0.0453125
1 0.4109375 0.17890625 0.0484375 0.0640625
1 0.459375 0.18359375 0.04140625 0.05234375