0 0.1828125 0.2796875 0.0515625 0.0703125
0 0.47265625 0.1734375 0.0515625 0.065625
0 0.5 0.1265625 0.0359375 0.04375
0 0.6625 0.15625 0.0578125 0.075
0 0.6140625 0.11640625 0.0515625 0.071875
0 0.803125 0.0484375 0.05625 0.06875
0 0.81953125 0.2359375 0.05 0.065625
0 0.9703125 0.42890625 0.05625 0.08125
1 0.709375 0.67734375 0.0453125 0.05
0 0.5234375 0.71640625 0.05625 0.065625
0 0.73515625 0.94375 0.04375 0.05625
0 0.9828125 0.83671875 0.034375 0.0578125
0 0.2140625 0.64375 0.05625 0.0734375
0 0.24609375 0.584375 0.0546875 0.0671875
0 0.3078125 0.80078125 0.05625 0.09375
0 0.053125 0.834375 0.059375 0.065625
1 0.28515625 0.11875 0.04375 0.06875
1 0.1515625 0.3296875 0.046875 0.065625
1 0.14609375 0.478125 0.04375 0.05625
1 0.60546875 0.49765625 0.059375 0.071875
1 0.3578125 0.80390625 0.040625 0.0625
1 0.98046875 0.91484375 0.0390625 0.05625
1 0.68984375 0.9484375 0.0390625 0.053125
1 0.915625 0.34140625 0.05625 0.05625
1 0.95546875 0.1671875 0.059375 0.075