0 0.19765625 0.2875 0.05 0.06875
0 0.478125 0.18515625 0.05 0.0640625
0 0.5046875 0.1390625 0.034375 0.04296875
0 0.66171875 0.16796875 0.05546875 0.07265625
0 0.615625 0.1296875 0.05 0.06875
0 0.7984375 0.06328125 0.053125 0.06640625
0 0.8140625 0.2453125 0.0484375 0.06328125
0 0.96015625 0.43203125 0.0546875 0.07890625
1 0.70703125 0.67265625 0.04375 0.04765625
0 0.52734375 0.7109375 0.05390625 0.0640625
0 0.73203125 0.93125 0.04296875 0.05546875
0 0.978125 0.82734375 0.04375 0.05625
0 0.22734375 0.63984375 0.0546875 0.07109375
0 0.259375 0.5828125 0.053125 0.065625
0 0.31875 0.7921875 0.0546875 0.08984375
0 0.071875 0.825 0.05859375 0.06328125
1 0.296875 0.13203125 0.0421875 0.06640625
1 0.1671875 0.3359375 0.0453125 0.06328125
1 0.16171875 0.4796875 0.04296875 0.0546875
1 0.60703125 0.4984375 0.05859375 0.06953125
1 0.3671875 0.79609375 0.03984375 0.059375
1 0.97578125 0.90390625 0.04765625 0.05390625
1 0.6890625 0.9359375 0.03828125 0.05234375
1 0.9078125 0.34765625 0.05390625 0.05390625
1 0.94609375 0.178125 0.05859375 0.07265625