0 0.7078125 0.80703125 0.0703125 0.0515625
0 0.81328125 0.51796875 0.065625 0.0515625
0 0.86015625 0.49140625 0.04375 0.034375
0 0.83046875 0.3296875 0.075 0.05625
0 0.86953125 0.37734375 0.0703125 0.05
0 0.93828125 0.1890625 0.06875 0.0546875
0 0.7515625 0.1734375 0.065625 0.05
0 0.56015625 0.0265625 0.0796875 0.053125
1 0.31171875 0.2828125 0.05 0.04375
0 0.27265625 0.4671875 0.065625 0.05625
0 0.04609375 0.2578125 0.05625 0.04375
0 0.153125 0.0140625 0.0578125 0.028125
0 0.3453125 0.77578125 0.0734375 0.05625
0 0.40390625 0.74375 0.0671875 0.0546875
0 0.1890625 0.6828125 0.0921875 0.05625
0 0.15546875 0.93515625 0.065625 0.059375
1 0.86796875 0.7046875 0.06875 0.04375
1 0.6578125 0.83828125 0.065625 0.046875
1 0.51015625 0.84375 0.05625 0.04375
1 0.490625 0.3859375 0.071875 0.059375
1 0.18515625 0.6328125 0.0609375 0.040625
1 0.075 0.01640625 0.05625 0.03125
1 0.04140625 0.3015625 0.053125 0.0390625
1 0.64609375 0.07734375 0.05625 0.05625
1 0.8203125 0.0375 0.075 0.059375