0 0.628125 0.11640625 0.0703125 0.053125
0 0.6328125 0.06796875 0.065625 0.0453125
0 0.4828125 0.20078125 0.0546875 0.05
0 0.44921875 0.15625 0.05625 0.046875
0 0.253125 0.08984375 0.059375 0.0453125
0 0.03359375 0.2875 0.0671875 0.053125
0 0.075 0.72890625 0.0640625 0.0453125
0 0.28515625 0.88515625 0.0671875 0.053125
0 0.55859375 0.9609375 0.071875 0.05625
0 0.55 0.55703125 0.059375 0.053125
0 0.434375 0.35078125 0.0734375 0.05
0 0.48046875 0.31171875 0.06875 0.0546875
0 0.5890625 0.36796875 0.065625 0.05
1 0.88671875 0.81796875 0.06875 0.0578125
1 0.615625 0.93359375 0.0484375 0.0375
1 0.10078125 0.77421875 0.05625 0.0359375
0 0.14375 0.35234375 0.046875 0.0359375
1 0.1609375 0.39453125 0.065625 0.05
1 0.165625 0.44453125 0.0546875 0.04375