0 0.3828125 0.1328125 0.071875 0.053125
0 0.378125 0.08359375 0.0671875 0.046875
0 0.53046875 0.21875 0.05625 0.05
0 0.56484375 0.1734375 0.05625 0.046875
0 0.76484375 0.10625 0.0609375 0.046875
0 0.9765625 0.30703125 0.046875 0.053125
0 0.9453125 0.75625 0.065625 0.046875
0 0.73125 0.91484375 0.06875 0.053125
0 0.45390625 0.98125 0.071875 0.0375
0 0.4625 0.58125 0.059375 0.053125
0 0.58046875 0.37109375 0.075 0.05
0 0.5328125 0.33125 0.071875 0.05625
0 0.42265625 0.38828125 0.065625 0.0515625
1 0.11953125 0.84609375 0.06875 0.0578125
1 0.3953125 0.9640625 0.05 0.0375
1 0.91953125 0.8015625 0.059375 0.0359375
0 0.87578125 0.3734375 0.046875 0.0375
1 0.85859375 0.415625 0.0671875 0.05
1 0.853125 0.46640625 0.05625 0.04375