0 0.08984375 0.090625 0.06171875 0.0703125
0 0.66015625 0.1515625 0.05078125 0.0640625
0 0.2296875 0.71640625 0.03984375 0.053125
0 0.3421875 0.72265625 0.05 0.0640625
0 0.38984375 0.740625 0.04765625 0.06796875
0 0.725 0.85625 0.046875 0.0609375
0 0.76015625 0.81640625 0.05078125 0.06484375
0 0.8109375 0.81953125 0.0421875 0.0546875
0 0.83828125 0.76171875 0.0390625 0.065625
0 0.79140625 0.7546875 0.0484375 0.053125
0 0.7375 0.7484375 0.0453125 0.0671875
1 0.17890625 0.8796875 0.04140625 0.05234375