0 0.33671875 0.51328125 0.05390625 0.07265625
0 0.2703125 0.3140625 0.046875 0.07734375
0 0.1625 0.153125 0.0359375 0.059375
1 0.1171875 0.13046875 0.03984375 0.06171875
1 0.31796875 0.22578125 0.04765625 0.06953125
0 0.61328125 0.17109375 0.04609375 0.059375
0 0.6375 0.21875 0.046875 0.0609375
1 0.653125 0.16328125 0.02890625 0.04296875
0 0.5890625 0.8046875 0.05234375 0.0734375
0 0.715625 0.8890625 0.04140625 0.059375
1 0.71171875 0.678125 0.04921875 0.0625
0 0.21875 0.8703125 0.04140625 0.0609375