1 0.06015625 0.40234375 0.05 0.06171875
1 0.23828125 0.32421875 0.04296875 0.05859375
0 0.0765625 0.88203125 0.0390625 0.04921875
0 0.084375 0.828125 0.0359375 0.0515625
0 0.33046875 0.87890625 0.04296875 0.06875
1 0.29609375 0.84921875 0.03359375 0.05390625
0 0.6359375 0.6890625 0.04140625 0.05625
1 0.790625 0.8578125 0.0390625 0.05859375
0 0.821875 0.66796875 0.05078125 0.06484375
0 0.7890625 0.7046875 0.046875 0.06328125
0 0.703125 0.3046875 0.04609375 0.06484375
1 0.66328125 0.28671875 0.0328125 0.0484375