0 0.2359375 0.02421875 0.075 0.0484375
0 0.43671875 0.07109375 0.059375 0.05
0 0.40859375 0.11640625 0.078125 0.0515625
1 0.865625 0.15625 0.0578125 0.0421875
1 0.91875 0.13125 0.059375 0.04375
1 0.621875 0.33984375 0.06875 0.046875
1 0.63828125 0.3828125 0.0625 0.0375
0 0.37265625 0.4890625 0.06875 0.05
0 0.4546875 0.70234375 0.06875 0.05625
0 0.025 0.96796875 0.05 0.0515625
1 0.0765625 0.94375 0.053125 0.05
1 0.25078125 0.878125 0.059375 0.046875
1 0.30859375 0.86953125 0.0546875 0.0484375
0 0.01875 0.6453125 0.0375 0.05
0 0.025 0.6921875 0.05 0.046875
0 0.31875 0.5109375 0.05 0.04375
1 0.596875 0.584375 0.06875 0.05625
1 0.540625 0.6078125 0.0484375 0.040625
1 0.5015625 0.640625 0.059375 0.0484375
1 0.35625 0.30546875 0.0578125 0.04375
0 0.0546875 0.18359375 0.0734375 0.0453125
0 0.0921875 0.23125 0.065625 0.046875