0 0.37109375 0.33984375 0.05234375 0.0609375
0 0.56328125 0.059375 0.0484375 0.0640625
0 0.2140625 0.040625 0.04375 0.05078125
0 0.1765625 0.35 0.0375 0.04375
0 0.20390625 0.7046875 0.04921875 0.06953125
1 0.13828125 0.56875 0.04375 0.06328125
1 0.34921875 0.634375 0.04296875 0.059375
1 0.30546875 0.80546875 0.0390625 0.05078125
0 0.6703125 0.92578125 0.040625 0.0546875
0 0.81953125 0.55625 0.05234375 0.0640625
0 0.771875 0.3734375 0.046875 0.0640625
0 0.82109375 0.36484375 0.0453125 0.06015625
0 0.86875 0.546875 0.04453125 0.0609375
1 0.83359375 0.49296875 0.03515625 0.05234375
1 0.87109375 0.478125 0.0421875 0.053125
0 0.17578125 0.39296875 0.03515625 0.03984375
0 0.65234375 0.86796875 0.04296875 0.05625