0 0.03203125 0.8375 0.0421875 0.059375
0 0.18046875 0.8921875 0.05 0.0625
0 0.2921875 0.909375 0.04375 0.05625
1 0.2015625 0.95078125 0.0390625 0.0421875
1 0.48984375 0.79296875 0.05 0.0671875
1 0.72890625 0.8546875 0.040625 0.0578125
0 0.85546875 0.8984375 0.046875 0.065625
1 0.93671875 0.74296875 0.0390625 0.0546875
1 0.9625 0.69375 0.040625 0.059375
1 0.50625 0.9765625 0.040625 0.046875
0 0.4015625 0.95390625 0.05 0.065625
0 0.396875 0.49609375 0.05 0.065625
0 0.209375 0.475 0.0484375 0.059375
0 0.171875 0.42421875 0.0375 0.059375
0 0.1890625 0.2046875 0.0453125 0.0671875
0 0.27265625 0.1109375 0.05 0.06875
0 0.38359375 0.03046875 0.046875 0.0609375
1 0.421875 0.0203125 0.0375 0.040625
1 0.14453125 0.25625 0.04375 0.059375
0 0.33359375 0.30703125 0.0390625 0.053125
0 0.63984375 0.34765625 0.046875 0.059375
0 0.503125 0.30078125 0.040625 0.0515625
0 0.73125 0.40859375 0.0359375 0.05625
0 0.77578125 0.38359375 0.0421875 0.046875
1 0.93046875 0.35078125 0.0375 0.0546875
1 0.8125 0.42265625 0.0390625 0.0609375
1 0.7671875 0.446875 0.053125 0.071875
0 0.75234375 0.175 0.05 0.0546875
0 0.828125 0.1171875 0.0390625 0.05625
0 0.871875 0.1296875 0.046875 0.06875
0 0.96328125 0.09609375 0.0421875 0.0625
1 0.9203125 0.09765625 0.04375 0.071875
1 0.74453125 0.1140625 0.04375 0.053125
0 0.70703125 0.15234375 0.0421875 0.06875
0 0.6609375 0.1359375 0.046875 0.065625
0 0.540625 0.1484375 0.0375 0.05
1 0.5046875 0.18984375 0.0421875 0.0546875
1 0.4765625 0.2453125 0.0484375 0.065625
1 0.52421875 0.25 0.04375 0.0609375
0 0.87109375 0.06328125 0.034375 0.05
1 0.1421875 0.20078125 0.04375 0.05