0 0.04921875 0.2859375 0.04609375 0.06953125
0 0.0921875 0.46640625 0.0453125 0.05234375
0 0.13359375 0.44140625 0.046875 0.06953125
1 0.16953125 0.8546875 0.03828125 0.05234375
1 0.146875 0.903125 0.040625 0.053125
1 0.33515625 0.634375 0.0421875 0.0625
1 0.37421875 0.64921875 0.034375 0.05703125
0 0.4703125 0.40859375 0.0453125 0.0609375
0 0.6640625 0.4828125 0.0515625 0.0609375
0 0.9046875 0.08671875 0.04765625 0.06328125
1 0.88203125 0.14140625 0.04453125 0.04765625
1 0.82265625 0.2984375 0.04296875 0.053125
1 0.81484375 0.35078125 0.04296875 0.05
0 0.6125 0.0734375 0.04453125 0.06484375
0 0.65546875 0.084375 0.04296875 0.06875
0 0.56875 0.05703125 0.0390625 0.04765625
0 0.48984375 0.36015625 0.03984375 0.04453125
1 0.55703125 0.61171875 0.05 0.0625
1 0.578125 0.56015625 0.03671875 0.04375
1 0.6078125 0.525 0.04375 0.053125
1 0.3046875 0.39375 0.0390625 0.0515625
0 0.24296875 0.02109375 0.05625 0.04140625
0 0.19375 0.12109375 0.04140625 0.06640625
0 0.2375 0.15546875 0.04296875 0.059375