0 0.82890625 0.9578125 0.0578125 0.040625
0 0.88359375 0.8125 0.0625 0.0484375
0 0.9 0.703125 0.05625 0.0421875
1 0.93984375 0.79140625 0.040625 0.0375
1 0.7859375 0.50859375 0.065625 0.05
1 0.84609375 0.275 0.05625 0.040625
0 0.8890625 0.15078125 0.065625 0.046875
1 0.73671875 0.071875 0.053125 0.0375
1 0.6890625 0.04609375 0.0578125 0.040625
1 0.96796875 0.49140625 0.053125 0.040625
0 0.94375 0.5953125 0.065625 0.0484375
0 0.4953125 0.6 0.065625 0.0484375
0 0.47421875 0.78359375 0.0578125 0.046875
0 0.425 0.8203125 0.0578125 0.0375
0 0.209375 0.80390625 0.065625 0.04375
0 0.11796875 0.721875 0.065625 0.05
0 0.03671875 0.61328125 0.0625 0.04375
1 0.02421875 0.575 0.0484375 0.0375
1 0.26015625 0.846875 0.05625 0.04375
0 0.31015625 0.66171875 0.0515625 0.0375
0 0.35 0.36171875 0.059375 0.046875
0 0.30390625 0.49609375 0.05 0.040625
0 0.409375 0.27265625 0.05625 0.0359375
0 0.38515625 0.22890625 0.046875 0.040625
1 0.35234375 0.07734375 0.053125 0.0359375
1 0.4234375 0.19296875 0.059375 0.0375
1 0.446875 0.2375 0.06875 0.053125
0 0.18046875 0.25234375 0.053125 0.05
0 0.12421875 0.178125 0.053125 0.0375
0 0.1359375 0.13515625 0.06875 0.046875
0 0.103125 0.0453125 0.0625 0.040625
1 0.1046875 0.08828125 0.06875 0.0421875
1 0.12109375 0.259375 0.05 0.04375
0 0.15859375 0.296875 0.06875 0.040625
0 0.14296875 0.34140625 0.0625 0.0453125
0 0.1546875 0.459375 0.05 0.0359375
1 0.1953125 0.49453125 0.053125 0.040625
1 0.24921875 0.521875 0.065625 0.046875
1 0.2546875 0.475 0.059375 0.04375
0 0.07109375 0.1359375 0.0484375 0.034375
1 0.20625 0.85 0.0484375 0.0421875