1 0.24921875 0.07890625 0.0546875 0.0703125
1 0.11953125 0.05390625 0.0515625 0.06015625
1 0.30390625 0.28359375 0.0484375 0.059375
0 0.253125 0.29375 0.0515625 0.06875
0 0.025 0.31171875 0.05 0.0703125
0 0.06796875 0.44609375 0.03828125 0.05234375
0 0.28828125 0.68203125 0.040625 0.06328125
0 0.23984375 0.67421875 0.0515625 0.06875
0 0.6015625 0.70078125 0.04140625 0.05625
0 0.634375 0.7484375 0.04609375 0.05546875
0 0.57578125 0.16328125 0.04453125 0.06015625
0 0.59296875 0.309375 0.0421875 0.06328125
0 0.625 0.3609375 0.046875 0.05234375
1 0.640625 0.30234375 0.046875 0.06640625
0 0.86171875 0.4171875 0.04375 0.05703125
1 0.82265625 0.45 0.04453125 0.05859375
1 0.671875 0.6859375 0.0390625 0.05546875
1 0.63359375 0.67109375 0.0328125 0.0546875
1 0.56796875 0.66796875 0.04140625 0.053125
1 0.5296875 0.69296875 0.046875 0.059375
0 0.26796875 0.8265625 0.03359375 0.0484375
1 0.2703125 0.8859375 0.03828125 0.046875
1 0.27265625 0.95 0.0453125 0.05234375
1 0.34921875 0.91484375 0.0359375 0.04921875
0 0.48515625 0.96171875 0.0375 0.046875
1 0.6640625 0.50390625 0.0359375 0.053125