1 0.925 0.25390625 0.071875 0.05625
1 0.9515625 0.1203125 0.0625 0.053125
1 0.71328125 0.31015625 0.0609375 0.05
0 0.703125 0.2578125 0.0703125 0.053125
0 0.6859375 0.0234375 0.071875 0.046875
0 0.54609375 0.0671875 0.053125 0.040625
0 0.30234375 0.29453125 0.065625 0.040625
0 0.31015625 0.24453125 0.071875 0.053125
0 0.2828125 0.61796875 0.059375 0.04375
0 0.23359375 0.6515625 0.0578125 0.046875
0 0.83828125 0.59140625 0.0625 0.046875
0 0.6875 0.60859375 0.065625 0.04375
0 0.634375 0.6421875 0.053125 0.046875
1 0.69453125 0.6578125 0.06875 0.0484375
0 0.57578125 0.8859375 0.059375 0.0453125
1 0.5421875 0.84609375 0.0609375 0.046875
1 0.2984375 0.690625 0.05625 0.040625
1 0.31328125 0.65078125 0.05625 0.034375
1 0.3171875 0.5828125 0.05625 0.0421875
1 0.29140625 0.54375 0.0625 0.0484375
0 0.153125 0.2734375 0.05 0.034375
1 0.0921875 0.27578125 0.0484375 0.040625
1 0.02734375 0.2765625 0.0546875 0.046875
1 0.06171875 0.35703125 0.05 0.0375
0 0.01953125 0.49765625 0.0390625 0.0390625
1 0.4859375 0.68203125 0.0546875 0.0375