1 0.57421875 0.92734375 0.0640625 0.04375
0 0.98671875 0.84765625 0.0265625 0.0375
0 0.96953125 0.73984375 0.059375 0.05
1 0.8375 0.85703125 0.065625 0.0484375
0 0.96484375 0.04140625 0.0625 0.05625
0 0.678125 0.125 0.071875 0.0578125
0 0.85390625 0.36171875 0.090625 0.0703125
1 0.69140625 0.67578125 0.0625 0.0453125
1 0.70390625 0.62421875 0.0625 0.05
1 0.70625 0.57265625 0.071875 0.053125
0 0.2375 0.625 0.05625 0.0375
0 0.38125 0.55 0.0625 0.040625
0 0.07734375 0.5921875 0.059375 0.0453125
0 0.35078125 0.50546875 0.0546875 0.04375
0 0.38984375 0.26640625 0.065625 0.0484375
0 0.11015625 0.19921875 0.0546875 0.0453125
1 0.059375 0.1640625 0.0546875 0.040625
1 0.1734375 0.21875 0.059375 0.05
0 0.2421875 0.246875 0.075 0.065625
1 0.29453125 0.29453125 0.071875 0.046875
0 0.39921875 0.06328125 0.059375 0.0375
1 0.35234375 0.09765625 0.0484375 0.0421875
1 0.4328125 0.10234375 0.05 0.0375
1 0.50234375 0.0203125 0.0671875 0.040625
1 0.1609375 0.45390625 0.059375 0.05
1 0.29609375 0.47578125 0.0578125 0.0484375
1 0.421875 0.5125 0.071875 0.0578125
0 0.38203125 0.46875 0.0546875 0.0375
0 0.3328125 0.4375 0.065625 0.04375