0 0.046875 0.1703125 0.04140625 0.05703125
0 0.190625 0.11640625 0.04765625 0.0609375
0 0.2984375 0.1 0.04140625 0.0546875
1 0.2109375 0.06015625 0.0375 0.04140625
1 0.490625 0.2125 0.04921875 0.06484375
1 0.721875 0.153125 0.03984375 0.05546875
0 0.84453125 0.1109375 0.0453125 0.06484375
1 0.92265625 0.26171875 0.0375 0.053125
1 0.94765625 0.30859375 0.0390625 0.05703125
1 0.5078125 0.0328125 0.03984375 0.05390625
0 0.4046875 0.05703125 0.04765625 0.06484375
0 0.4 0.50078125 0.04765625 0.06484375
0 0.21875 0.52109375 0.046875 0.05703125
0 0.1828125 0.5703125 0.03671875 0.05703125
0 0.19921875 0.7828125 0.04375 0.06484375
0 0.2796875 0.8734375 0.0484375 0.06640625
0 0.3875 0.95390625 0.04453125 0.06328125
1 0.425 0.96953125 0.0359375 0.053125
1 0.15546875 0.7328125 0.04375 0.05703125
0 0.3390625 0.68359375 0.0375 0.0515625
0 0.6359375 0.64453125 0.04609375 0.0578125
0 0.503125 0.68984375 0.03984375 0.05
0 0.72421875 0.58515625 0.03515625 0.0546875
0 0.7671875 0.609375 0.040625 0.04609375
1 0.9171875 0.64140625 0.0359375 0.053125
1 0.80234375 0.571875 0.0375 0.059375
1 0.75859375 0.5484375 0.05234375 0.06875
0 0.74453125 0.81171875 0.04921875 0.053125
0 0.81796875 0.8671875 0.03828125 0.053125
0 0.86015625 0.85625 0.04609375 0.0671875
0 0.94921875 0.88828125 0.040625 0.0609375
1 0.90703125 0.88671875 0.04140625 0.06875
1 0.73671875 0.87109375 0.0421875 0.05078125
0 0.7 0.83359375 0.04140625 0.0671875
0 0.65625 0.84921875 0.0453125 0.0625
0 0.5390625 0.8375 0.0359375 0.04921875
1 0.50390625 0.796875 0.04140625 0.05234375
1 0.47734375 0.74375 0.046875 0.0640625
1 0.5234375 0.7390625 0.0421875 0.05859375
0 0.859375 0.9203125 0.03359375 0.04765625
1 0.153125 0.78671875 0.0421875 0.04765625