1 0.921875 0.75 0.071875 0.0546875
1 0.946875 0.88046875 0.059375 0.053125
1 0.715625 0.6953125 0.059375 0.0484375
0 0.70546875 0.74609375 0.06875 0.053125
0 0.68828125 0.97578125 0.0703125 0.0484375
0 0.55234375 0.9328125 0.053125 0.0375
0 0.31484375 0.7109375 0.0640625 0.040625
0 0.32265625 0.759375 0.06875 0.0515625
0 0.2953125 0.3953125 0.05625 0.040625
0 0.24765625 0.3625 0.05625 0.046875
0 0.83671875 0.42109375 0.059375 0.04375
0 0.68984375 0.40390625 0.0640625 0.0421875
0 0.63828125 0.371875 0.053125 0.046875
1 0.696875 0.35625 0.0671875 0.046875
0 0.58125 0.13359375 0.05625 0.04375
1 0.5484375 0.17265625 0.059375 0.04375
1 0.3109375 0.32421875 0.05625 0.040625
1 0.325 0.36328125 0.0546875 0.0328125
1 0.32890625 0.4296875 0.053125 0.040625
1 0.30390625 0.46796875 0.059375 0.046875
0 0.16875 0.73125 0.0484375 0.034375
1 0.11015625 0.72890625 0.046875 0.0390625
1 0.0453125 0.7265625 0.053125 0.046875
1 0.08046875 0.65 0.05 0.0359375
0 0.03359375 0.5125 0.046875 0.0375
1 0.49375 0.3328125 0.053125 0.0359375