1 0.90546875 0.53671875 0.0390625 0.059375
0 0.83203125 0.93671875 0.034375 0.06875
1 0.86875 0.9453125 0.0375 0.05625
0 0.73359375 0.90234375 0.04375 0.0625
1 0.840625 0.778125 0.04375 0.059375
0 0.24140625 0.9515625 0.05625 0.071875
0 0.0953125 0.8953125 0.0515625 0.0578125
0 0.17109375 0.63203125 0.053125 0.065625
0 0.3875 0.79296875 0.0640625 0.0828125
1 0.675 0.64453125 0.040625 0.05625
1 0.62734375 0.65625 0.046875 0.05625
1 0.58046875 0.65859375 0.0484375 0.065625
0 0.62890625 0.22890625 0.034375 0.053125
0 0.56015625 0.3609375 0.0359375 0.05625
0 0.5984375 0.0828125 0.040625 0.053125
0 0.51953125 0.3328125 0.040625 0.05
0 0.30078125 0.36875 0.04375 0.0609375
0 0.23984375 0.1125 0.040625 0.05
1 0.20703125 0.065625 0.0375 0.05
1 0.25703125 0.1703125 0.0453125 0.053125
0 0.2828125 0.23359375 0.059375 0.06875
1 0.3265625 0.28125 0.04375 0.065625
0 0.115625 0.3765625 0.034375 0.05625
1 0.14609375 0.334375 0.0375 0.04375
1 0.15078125 0.4078125 0.034375 0.046875
1 0.07421875 0.47109375 0.0390625 0.0625
1 0.47265625 0.15859375 0.046875 0.0546875
1 0.4921875 0.2828125 0.04375 0.053125
1 0.52578125 0.39765625 0.053125 0.065625
0 0.4859375 0.3609375 0.034375 0.05
0 0.45703125 0.31640625 0.040625 0.059375