0 0.665625 0.325 0.0578125 0.0671875
0 0.45390625 0.025 0.053125 0.05
0 0.8390625 0.0109375 0.0484375 0.021875
0 0.88125 0.3359375 0.040625 0.0484375
0 0.85078125 0.72890625 0.0546875 0.078125
1 0.9234375 0.578125 0.0484375 0.0703125
1 0.68984375 0.65078125 0.046875 0.065625
1 0.73828125 0.83984375 0.04375 0.05625
0 0.3359375 0.97109375 0.04375 0.0578125
0 0.1703125 0.5640625 0.0578125 0.071875
0 0.22265625 0.3625 0.0515625 0.071875
0 0.16875 0.35234375 0.05 0.065625
0 0.115625 0.55390625 0.05 0.06875
1 0.1546875 0.49453125 0.0375 0.0578125
1 0.11328125 0.478125 0.046875 0.059375
0 0.88203125 0.38359375 0.0390625 0.04375
0 0.35546875 0.909375 0.046875 0.0625