0 0.66484375 0.3828125 0.0625 0.053125
0 0.95703125 0.58203125 0.065625 0.05
0 0.975 0.21953125 0.05 0.0453125
0 0.65546875 0.18046875 0.0453125 0.0390625
0 0.2859375 0.20859375 0.071875 0.0515625
1 0.42734375 0.140625 0.065625 0.0453125
1 0.359375 0.359375 0.0625 0.04375
1 0.18203125 0.3140625 0.053125 0.040625
0 0.05625 0.6921875 0.05625 0.0421875
0 0.440625 0.84765625 0.065625 0.053125
0 0.63046875 0.7984375 0.0671875 0.0484375
0 0.63984375 0.84921875 0.0625 0.046875
0 0.45 0.8984375 0.0625 0.046875
1 0.50625 0.8625 0.053125 0.0359375
1 0.521875 0.9015625 0.05625 0.04375
0 0.61015625 0.1796875 0.040625 0.0375
0 0.11640625 0.67421875 0.0578125 0.0453125