1 0.10078125 0.4625 0.0390625 0.05703125
0 0.1734375 0.06953125 0.0328125 0.06640625
1 0.13671875 0.0609375 0.0375 0.05546875
0 0.2703125 0.103125 0.04375 0.06171875
1 0.16484375 0.225 0.04375 0.05859375
0 0.7546875 0.0546875 0.05546875 0.071875
0 0.8984375 0.11015625 0.05078125 0.05703125
0 0.8234375 0.36875 0.05234375 0.0640625
0 0.6109375 0.2109375 0.06328125 0.08125
1 0.328125 0.35703125 0.040625 0.05546875
1 0.37421875 0.3453125 0.0453125 0.05546875
1 0.4203125 0.34296875 0.04765625 0.065625
0 0.3734375 0.765625 0.034375 0.05078125
0 0.44140625 0.6359375 0.0359375 0.05625
0 0.403125 0.909375 0.040625 0.053125
0 0.48125 0.66328125 0.040625 0.04921875
0 0.69609375 0.628125 0.04375 0.06015625
0 0.75625 0.8796875 0.040625 0.04921875
1 0.78828125 0.92578125 0.0375 0.04921875
1 0.7390625 0.8234375 0.04453125 0.053125
0 0.71328125 0.7609375 0.05859375 0.06796875
1 0.6703125 0.7140625 0.04296875 0.065625
0 0.87890625 0.6203125 0.034375 0.0546875
1 0.84765625 0.66171875 0.0375 0.04375
1 0.84375 0.58984375 0.03359375 0.04609375
1 0.91875 0.52734375 0.03828125 0.0609375
1 0.52734375 0.834375 0.0453125 0.05390625
1 0.5078125 0.7125 0.04375 0.05234375
1 0.47421875 0.59921875 0.0515625 0.065625
0 0.5140625 0.6359375 0.034375 0.04921875
0 0.5421875 0.6796875 0.03984375 0.05859375