0 0.259375 0.975 0.0734375 0.05
0 0.4515625 0.92890625 0.05625 0.0484375
0 0.425 0.88515625 0.075 0.05
1 0.86328125 0.846875 0.05625 0.040625
1 0.9140625 0.87109375 0.05625 0.04375
1 0.62890625 0.67109375 0.065625 0.0453125
1 0.64453125 0.63046875 0.0609375 0.0375
0 0.38984375 0.528125 0.065625 0.0484375
0 0.46796875 0.32265625 0.065625 0.0546875
0 0.04765625 0.0671875 0.0671875 0.05
1 0.10546875 0.09140625 0.05 0.046875
1 0.27265625 0.1546875 0.05625 0.0453125
1 0.328125 0.1625 0.053125 0.046875
0 0.03359375 0.37734375 0.0671875 0.046875
0 0.0453125 0.33125 0.071875 0.0453125
0 0.0203125 0.4234375 0.040625 0.040625
0 0.33828125 0.50703125 0.046875 0.0421875
1 0.60546875 0.4359375 0.065625 0.053125
1 0.55078125 0.4140625 0.046875 0.0375
1 0.51328125 0.38203125 0.05625 0.046875
1 0.37421875 0.70390625 0.05625 0.040625
0 0.084375 0.82109375 0.0703125 0.04375
0 0.1203125 0.77578125 0.0625 0.0453125