0 0.12578125 0.415625 0.046875 0.0578125
0 0.16796875 0.39375 0.03984375 0.06484375
1 0.2140625 0.3671875 0.04453125 0.06015625
1 0.1328125 0.34921875 0.04375 0.0578125
1 0.296875 0.6265625 0.03828125 0.04609375
0 0.24921875 0.62109375 0.03828125 0.053125
0 0.04453125 0.69921875 0.0359375 0.05625
1 0.08125 0.72890625 0.03671875 0.0578125
0 0.0265625 0.9359375 0.04765625 0.0640625
0 0.38125 0.8140625 0.03984375 0.0546875
1 0.3828125 0.87109375 0.04140625 0.05234375
0 0.41328125 0.76484375 0.0390625 0.04609375
0 0.4203125 0.8421875 0.03359375 0.0546875
1 0.4328125 0.709375 0.04375 0.0546875
1 0.509375 0.571875 0.034375 0.06796875
0 0.56484375 0.5765625 0.03671875 0.059375
0 0.60234375 0.30546875 0.0390625 0.053125
0 0.53515625 0.25859375 0.04609375 0.04609375
0 0.509375 0.20234375 0.0453125 0.05
0 0.54765625 0.07890625 0.0453125 0.05859375
0 0.23359375 0.08125 0.03984375 0.04765625
0 0.81953125 0.2484375 0.040625 0.0609375
0 0.76015625 0.64375 0.04140625 0.05
0 0.82578125 0.5453125 0.03515625 0.05703125
0 0.8515625 0.91015625 0.046875 0.06015625
1 0.42265625 0.89296875 0.0328125 0.04453125