0 0.44375 0.19296875 0.03984375 0.05859375
0 0.46953125 0.15078125 0.04375 0.0484375
0 0.78828125 0.1859375 0.05 0.06328125
0 0.78203125 0.0125 0.0453125 0.02421875
0 0.4953125 0.478125 0.0359375 0.05390625
0 0.3140625 0.61328125 0.0390625 0.04375
0 0.3203125 0.55703125 0.0453125 0.0625
0 0.35859375 0.52890625 0.040625 0.04921875
0 0.596875 0.9578125 0.0453125 0.06171875
0 0.82890625 0.81328125 0.04609375 0.065625
1 0.7875 0.80703125 0.0390625 0.06796875
1 0.02734375 0.7765625 0.04140625 0.0515625
1 0.10234375 0.63125 0.0453125 0.06484375