0 0.5765625 0.95625 0.0625 0.0515625
0 0.60078125 0.91015625 0.071875 0.04375
1 0.63046875 0.85859375 0.065625 0.0484375
1 0.64921875 0.9484375 0.0625 0.0484375
1 0.3453125 0.76796875 0.05 0.0421875
0 0.3515625 0.82109375 0.059375 0.0421875
1 0.23359375 0.99296875 0.0640625 0.0140625
0 0.1390625 0.6765625 0.059375 0.04375
1 0.07578125 0.67421875 0.0578125 0.046875
0 0.19296875 0.640625 0.05 0.04375
0 0.10859375 0.63359375 0.059375 0.0375
1 0.25390625 0.61953125 0.059375 0.0484375
1 0.40546875 0.53515625 0.075 0.0375
0 0.4 0.47421875 0.065625 0.040625
0 0.69765625 0.4328125 0.059375 0.04375
0 0.7484375 0.50703125 0.05 0.05
0 0.8109375 0.53515625 0.0546875 0.05
0 0.946875 0.49296875 0.065625 0.05
0 0.94375 0.83828125 0.053125 0.04375
0 0.76015625 0.19453125 0.065625 0.04375
0 0.32578125 0.26015625 0.0546875 0.0453125
0 0.434375 0.1875 0.0625 0.0375
0 0.03359375 0.159375 0.065625 0.05
1 0.05234375 0.63046875 0.05 0.0359375