0 0.22109375 0.7375 0.05625 0.0515625
0 0.26796875 0.54765625 0.0578125 0.040625
0 0.2796875 0.97578125 0.06875 0.046875
0 0.0140625 0.36953125 0.028125 0.0375
1 0.2484375 0.50078125 0.0625 0.0484375
1 0.6515625 0.9 0.065625 0.05
1 0.6453125 0.84609375 0.0640625 0.046875
1 0.4640625 0.15234375 0.05625 0.04375
1 0.5046875 0.1984375 0.0625 0.046875
1 0.5640625 0.1953125 0.053125 0.05
1 0.53125 0.24453125 0.05 0.0453125
1 0.4703125 0.25390625 0.05 0.04375
1 0.4421875 0.20625 0.05625 0.0421875
1 0.9046875 0.271875 0.0625 0.053125