0 0.25078125 0.396875 0.0484375 0.0640625
0 0.053125 0.44453125 0.04921875 0.06640625
0 0.0515625 0.38046875 0.0375 0.053125
0 0.021875 0.4828125 0.04296875 0.05703125
1 0.11953125 0.684375 0.03515625 0.04140625
1 0.1234375 0.628125 0.04375 0.05625
1 0.15625 0.6625 0.03203125 0.05234375
1 0.02890625 0.7265625 0.04609375 0.05703125
1 0.0421875 0.78203125 0.046875 0.05546875
0 0.36953125 0.73046875 0.04140625 0.0546875
0 0.29921875 0.91171875 0.0359375 0.0546875
0 0.32890625 0.95390625 0.03671875 0.05390625
1 0.27265625 0.86875 0.03671875 0.05
1 0.265625 0.953125 0.04140625 0.0515625
0 0.46953125 0.9265625 0.04375 0.05703125
1 0.43203125 0.965625 0.03671875 0.046875
1 0.4 0.91796875 0.0328125 0.03984375
1 0.42890625 0.8921875 0.03046875 0.04296875
1 0.62890625 0.83125 0.04296875 0.0578125
1 0.65703125 0.87734375 0.0421875 0.05703125
0 0.71640625 0.5171875 0.03515625 0.04453125
0 0.784375 0.0515625 0.04453125 0.0515625
0 0.8109375 0.0953125 0.04140625 0.04375
1 0.76328125 0.52890625 0.03828125 0.0546875
1 0.73359375 0.571875 0.04296875 0.04140625
0 0.71640625 0.459375 0.04296875 0.0515625
0 0.59921875 0.534375 0.04296875 0.0453125
0 0.3734375 0.04921875 0.04453125 0.06015625
0 0.425 0.04921875 0.03984375 0.0671875
0 0.459375 0.28046875 0.03515625 0.04140625
1 0.434375 0.225 0.04296875 0.05625
1 0.41640625 0.2765625 0.0390625 0.0484375