0 0.62578125 0.78828125 0.06875 0.05
0 0.57578125 0.9859375 0.0703125 0.028125
0 0.64296875 0.9890625 0.0546875 0.021875
1 0.32265625 0.9265625 0.04375 0.0375
1 0.38125 0.92265625 0.059375 0.046875
1 0.3453125 0.88828125 0.05625 0.034375
1 0.21953125 0.9921875 0.059375 0.015625
0 0.2734375 0.6625 0.0578125 0.04375
0 0.08203125 0.7375 0.0578125 0.0375
0 0.0375 0.70625 0.05625 0.0390625
1 0.12734375 0.765625 0.053125 0.0390625
1 0.03828125 0.77265625 0.0546875 0.04375
0 0.06640625 0.5578125 0.059375 0.046875
1 0.025 0.59765625 0.05 0.0390625
1 0.07578125 0.63125 0.0421875 0.034375
1 0.103125 0.60078125 0.0453125 0.0328125
1 0.1671875 0.3890625 0.0609375 0.0453125
1 0.11796875 0.36015625 0.059375 0.04375
0 0.4984375 0.296875 0.046875 0.0375
0 0.98125 0.22578125 0.0375 0.046875
0 0.94375 0.19765625 0.046875 0.04375
1 0.4859375 0.2484375 0.0578125 0.040625
1 0.440625 0.2796875 0.04375 0.0453125
0 0.559375 0.29765625 0.0546875 0.04375
0 0.4796875 0.42109375 0.046875 0.0453125
0 0.98046875 0.659375 0.0375 0.046875
0 0.97890625 0.60625 0.0421875 0.040625
0 0.74765625 0.56875 0.04375 0.0375
1 0.80625 0.59453125 0.059375 0.0453125
1 0.75234375 0.61328125 0.0515625 0.040625