0 0.3140625 0.23671875 0.05 0.0546875
0 0.5 0.28359375 0.0390625 0.05625
0 0.07890625 0.29453125 0.046875 0.0671875
0 0.675 0.02421875 0.0359375 0.0484375
1 0.54609375 0.2640625 0.046875 0.0609375
1 0.15390625 0.66015625 0.05 0.065625
1 0.20703125 0.65390625 0.0453125 0.0625
1 0.8890625 0.47578125 0.04375 0.05625
1 0.84296875 0.515625 0.046875 0.0625
1 0.84609375 0.5734375 0.05 0.053125
1 0.79765625 0.54140625 0.04375 0.05
1 0.7890625 0.48203125 0.04375 0.05
1 0.8359375 0.4546875 0.0421875 0.05625
1 0.77109375 0.90859375 0.0515625 0.0625