0 0.346875 0.25859375 0.0703125 0.053125
0 0.3984375 0.04453125 0.071875 0.053125
0 0.3296875 0.0421875 0.0578125 0.040625
0 0.43984375 0.0171875 0.0625 0.034375
1 0.659375 0.11640625 0.04375 0.0375
1 0.5984375 0.1203125 0.0609375 0.046875
1 0.6359375 0.15546875 0.05625 0.034375
1 0.70390625 0.02109375 0.0625 0.0421875
1 0.765625 0.03203125 0.0609375 0.05
0 0.709375 0.3875 0.059375 0.04375
0 0.90703125 0.3109375 0.059375 0.0375
0 0.95234375 0.34296875 0.059375 0.040625
1 0.86015625 0.28203125 0.0546875 0.040625
1 0.9515625 0.27421875 0.05625 0.04375
0 0.92265625 0.49609375 0.0625 0.046875
1 0.96484375 0.4546875 0.05 0.040625
1 0.91328125 0.4203125 0.04375 0.0359375
1 0.88515625 0.4515625 0.046875 0.0328125
1 0.81875 0.66875 0.0625 0.046875
1 0.86875 0.69921875 0.0625 0.046875
0 0.47734375 0.7640625 0.046875 0.0375
0 0.021875 0.865625 0.04375 0.04375
1 0.490625 0.8140625 0.059375 0.040625
1 0.5375 0.78203125 0.04375 0.046875
0 0.41484375 0.76328125 0.05625 0.046875
0 0.496875 0.6359375 0.05 0.046875
0 0.22109375 0.484375 0.04375 0.0375
1 0.1609375 0.4578125 0.0609375 0.046875
1 0.21640625 0.43828125 0.053125 0.0421875