0 0.684375 0.26953125 0.046875 0.05078125
0 0.5109375 0.31328125 0.0359375 0.053125
0 0.903125 0.3234375 0.04296875 0.06328125
0 0.3484375 0.06953125 0.03359375 0.0484375
1 0.46796875 0.29453125 0.04453125 0.05625
1 0.83359375 0.6640625 0.0453125 0.06015625
1 0.78359375 0.6578125 0.0421875 0.05859375
1 0.14921875 0.4921875 0.03984375 0.05234375
1 0.19140625 0.52890625 0.04375 0.0578125
1 0.18828125 0.58359375 0.046875 0.04921875
1 0.23359375 0.553125 0.04140625 0.04609375
1 0.24140625 0.49765625 0.03984375 0.04609375
1 0.19765625 0.471875 0.0390625 0.0515625
1 0.25859375 0.8953125 0.04765625 0.0578125