0 0.446875 0.80703125 0.040625 0.059375
0 0.47265625 0.84921875 0.04375 0.0484375
0 0.7953125 0.8140625 0.05 0.0640625
0 0.7890625 0.9890625 0.0453125 0.021875
0 0.49921875 0.51875 0.0375 0.0546875
0 0.315625 0.38203125 0.0390625 0.04375
0 0.321875 0.43984375 0.046875 0.0625
0 0.3609375 0.4671875 0.040625 0.05
0 0.60234375 0.034375 0.0453125 0.0625
0 0.83671875 0.18046875 0.046875 0.065625
1 0.79453125 0.18671875 0.040625 0.06875
1 0.0265625 0.2171875 0.0421875 0.053125
1 0.10234375 0.36484375 0.046875 0.065625