0 0.5953125 0.1140625 0.059375 0.05
0 0.61796875 0.1578125 0.0671875 0.040625
1 0.64609375 0.20625 0.0625 0.046875
1 0.6640625 0.121875 0.059375 0.0453125
1 0.37578125 0.2921875 0.046875 0.040625
0 0.38203125 0.2421875 0.05625 0.040625
0 0.3 0.03046875 0.0578125 0.0375
1 0.26953125 0.06796875 0.059375 0.0375
0 0.0546875 0.01796875 0.065625 0.0359375
0 0.18125 0.37890625 0.05625 0.040625
1 0.121875 0.38125 0.0546875 0.04375
0 0.2328125 0.4125 0.0484375 0.040625
0 0.15234375 0.41953125 0.05625 0.034375
1 0.28984375 0.4328125 0.05625 0.0453125
1 0.4328125 0.5125 0.0703125 0.034375
0 0.428125 0.56953125 0.0625 0.0375
0 0.71015625 0.60859375 0.05625 0.040625
0 0.7578125 0.5390625 0.046875 0.0484375
0 0.8171875 0.51171875 0.0515625 0.046875
0 0.9453125 0.55234375 0.0609375 0.046875
0 0.9421875 0.22578125 0.05 0.040625
0 0.76875 0.83359375 0.0625 0.040625
0 0.3578125 0.77265625 0.0515625 0.04375
0 0.46015625 0.840625 0.059375 0.0375
0 0.08203125 0.8671875 0.0625 0.0484375
1 0.09921875 0.421875 0.046875 0.034375