0 0.36796875 0.928125 0.0578125 0.0515625
1 0.04609375 0.33046875 0.059375 0.0390625
0 0.0140625 0.5328125 0.028125 0.0625
0 0.22578125 0.0359375 0.05625 0.0375
0 0.36875 0.08984375 0.059375 0.046875
0 0.38828125 0.3828125 0.0625 0.05
0 0.6671875 0.44296875 0.06875 0.053125
1 0.60390625 0.11640625 0.059375 0.04375
1 0.634375 0.21953125 0.05625 0.0453125
0 0.8828125 0.41484375 0.059375 0.046875
1 0.79921875 0.6796875 0.06875 0.05
0 0.83515625 0.71640625 0.046875 0.0375
0 0.36328125 0.515625 0.046875 0.0375
0 0.396875 0.70234375 0.053125 0.04375
1 0.40234375 0.75 0.065625 0.046875
1 0.4625 0.7640625 0.0515625 0.0421875
1 0.45390625 0.71953125 0.053125 0.0421875
1 0.33203125 0.5953125 0.05 0.0375
1 0.36875 0.5609375 0.0625 0.0421875