0 0.45859375 0.18515625 0.0625 0.0734375
0 0.31171875 0.27890625 0.053125 0.06875
0 0.41796875 0.40078125 0.05390625 0.0625
0 0.5703125 0.42109375 0.04765625 0.06484375
0 0.6375 0.4953125 0.05234375 0.0671875
0 0.43984375 0.7296875 0.0453125 0.05625
0 0.4515625 0.79453125 0.04921875 0.0546875
1 0.33359375 0.803125 0.04453125 0.0609375
1 0.64375 0.8328125 0.040625 0.0546875
0 0.45703125 0.9015625 0.0453125 0.0640625
0 0.48359375 0.9578125 0.03984375 0.046875
0 0.7875 0.759375 0.04453125 0.0515625
1 0.81953125 0.9578125 0.0515625 0.059375
1 0.840625 0.65 0.0421875 0.06015625
1 0.9671875 0.52421875 0.04609375 0.05859375
0 0.8515625 0.20078125 0.05 0.07265625
0 0.90078125 0.30390625 0.040625 0.05625
0 0.80546875 0.215625 0.040625 0.04765625
1 0.809375 0.15859375 0.04375 0.0625
1 0.9328125 0.3765625 0.04609375 0.0703125
1 0.8953125 0.4109375 0.05078125 0.06171875
1 0.5421875 0.0703125 0.0515625 0.0625
1 0.89296875 0.35703125 0.0359375 0.04453125