1 0.1953125 0.56015625 0.053125 0.084375
1 0.40234375 0.4703125 0.059375 0.08125
1 0.6578125 0.5484375 0.05625 0.065625
1 0.69453125 0.5890625 0.0484375 0.071875
0 0.56875 0.81953125 0.059375 0.0640625
1 0.37421875 0.8828125 0.05 0.0578125
1 0.33828125 0.92734375 0.04375 0.0484375
0 0.96875 0.83671875 0.0484375 0.075
0 0.98671875 0.778125 0.0265625 0.06875
1 0.80703125 0.23359375 0.0375 0.053125
1 0.98984375 0.30234375 0.0203125 0.065625
0 0.846875 0.2046875 0.0484375 0.06875
0 0.8671875 0.14296875 0.0390625 0.0546875
0 0.30234375 0.071875 0.04375 0.05625