0 0.46015625 0.81484375 0.0625 0.0734375
0 0.3125 0.7203125 0.053125 0.06875
0 0.41875 0.59765625 0.0546875 0.0625
0 0.571875 0.57734375 0.0484375 0.065625
0 0.63984375 0.50234375 0.053125 0.06875
0 0.44140625 0.26640625 0.046875 0.05625
0 0.45234375 0.2015625 0.05 0.05625
1 0.33359375 0.19296875 0.04375 0.0609375
1 0.646875 0.1625 0.040625 0.05625
0 0.45859375 0.09375 0.046875 0.0640625
0 0.48515625 0.0375 0.040625 0.046875
0 0.790625 0.23671875 0.04375 0.053125
1 0.8234375 0.0375 0.0515625 0.059375
1 0.84453125 0.346875 0.04375 0.059375
1 0.971875 0.4734375 0.046875 0.059375
0 0.85546875 0.79921875 0.05 0.071875
0 0.9046875 0.6953125 0.040625 0.05625
0 0.809375 0.78359375 0.040625 0.046875
1 0.81328125 0.84140625 0.04375 0.0625
1 0.93671875 0.62265625 0.046875 0.071875
1 0.9 0.5875 0.05 0.0625
1 0.54375 0.9296875 0.0515625 0.0625
1 0.896875 0.64140625 0.0359375 0.0453125