1 0.58671875 0.23828125 0.078125 0.05
1 0.5046875 0.42890625 0.075 0.0546875
1 0.5765625 0.66328125 0.0609375 0.05
1 0.6140625 0.696875 0.065625 0.04375
0 0.825 0.58125 0.059375 0.053125
1 0.88359375 0.40234375 0.053125 0.046875
1 0.925 0.36953125 0.04375 0.040625
0 0.84140625 0.9484375 0.06875 0.04375
0 0.7875 0.975 0.0625 0.04375
1 0.28671875 0.80078125 0.05 0.034375
1 0.35 0.9796875 0.059375 0.040625
0 0.26015625 0.83671875 0.0625 0.04375
0 0.20390625 0.85546875 0.05 0.0359375
0 0.13828125 0.33671875 0.0515625 0.040625
1 0.04765625 0.16953125 0.059375 0.0421875
1 0.0296875 0.21171875 0.05625 0.0453125
0 0.0234375 0.2671875 0.046875 0.0328125