0 0.69296875 0.97734375 0.0625 0.0453125
0 0.84609375 0.0171875 0.0609375 0.034375
0 0.690625 0.07109375 0.065625 0.0515625
0 0.66953125 0.38984375 0.06875 0.05625
0 0.36640625 0.45546875 0.075 0.0578125
1 0.43515625 0.10078125 0.0640625 0.046875
1 0.4015625 0.21328125 0.0625 0.05
0 0.13203125 0.425 0.0640625 0.05
1 0.22265625 0.7125 0.0734375 0.053125
0 0.18359375 0.7515625 0.05 0.040625
0 0.696875 0.53359375 0.05 0.040625
0 0.659375 0.73671875 0.05625 0.046875
1 0.65390625 0.78828125 0.071875 0.05
1 0.5890625 0.80390625 0.05625 0.0453125
1 0.59765625 0.75546875 0.059375 0.046875
1 0.73046875 0.62109375 0.053125 0.040625
1 0.690625 0.58359375 0.0671875 0.0453125