0 0.078125 0.3640625 0.05078125 0.05703125
1 0.66875 0.0453125 0.0390625 0.059375
0 0.46953125 0.0140625 0.06171875 0.028125
0 0.9609375 0.2234375 0.03828125 0.05546875
0 0.9078125 0.36484375 0.046875 0.059375
0 0.61796875 0.384375 0.05078125 0.0625
0 0.5578125 0.66015625 0.05234375 0.06796875
1 0.88125 0.59765625 0.04296875 0.05859375
1 0.77890625 0.628125 0.04453125 0.05625
0 0.5859375 0.8734375 0.0453125 0.05859375
1 0.3234375 0.790625 0.0484375 0.0671875
0 0.2875 0.8265625 0.03828125 0.04609375
0 0.48671875 0.359375 0.03671875 0.04609375
0 0.3015625 0.39296875 0.04296875 0.0515625
1 0.2546875 0.3984375 0.0453125 0.06484375
1 0.240625 0.45703125 0.04140625 0.05078125
1 0.284375 0.44921875 0.0421875 0.053125
1 0.40703125 0.328125 0.0375 0.0484375
1 0.44140625 0.36484375 0.04140625 0.0609375