0 0.490625 0.13046875 0.0703125 0.08125
0 0.3265625 0.23515625 0.059375 0.0765625
0 0.44453125 0.37109375 0.059375 0.0703125
0 0.61484375 0.39453125 0.053125 0.071875
0 0.690625 0.47734375 0.059375 0.075
0 0.46953125 0.73984375 0.05 0.0625
0 0.48203125 0.81171875 0.0546875 0.0625
1 0.35 0.82109375 0.05 0.06875
1 0.69765625 0.85546875 0.0453125 0.0625
0 0.4890625 0.93203125 0.05 0.071875
0 0.51796875 0.98359375 0.04375 0.0328125
0 0.85859375 0.77265625 0.05 0.0578125
1 0.89375 0.98046875 0.05625 0.0375
1 0.91796875 0.65078125 0.046875 0.0671875
0 0.9296875 0.14765625 0.05625 0.08125
0 0.98046875 0.2625 0.0375 0.0640625
0 0.87890625 0.16484375 0.0453125 0.053125
1 0.8828125 0.10078125 0.05 0.0703125
1 0.975 0.38203125 0.05 0.0703125
1 0.5828125 0.01796875 0.0578125 0.0359375
1 0.97578125 0.32265625 0.040625 0.05