1 0.24453125 0.415625 0.0484375 0.0765625
1 0.43125 0.49609375 0.053125 0.0734375
1 0.6609375 0.4265625 0.05 0.059375
1 0.69375 0.38984375 0.04296875 0.0640625
0 0.58046875 0.1828125 0.053125 0.0578125
1 0.40546875 0.12578125 0.04609375 0.05234375
1 0.37265625 0.08515625 0.0390625 0.04296875
0 0.940625 0.1671875 0.04375 0.06796875
0 0.96640625 0.21953125 0.04296875 0.06171875
1 0.7953125 0.71015625 0.03359375 0.0484375
1 0.97109375 0.64921875 0.03984375 0.05859375
0 0.83046875 0.7359375 0.04375 0.06171875
0 0.84921875 0.790625 0.03515625 0.04921875
0 0.34140625 0.85546875 0.03984375 0.05078125
1 0.17734375 0.94375 0.04140625 0.05703125
1 0.21796875 0.96171875 0.04375 0.0546875
0 0.2734375 0.96796875 0.03203125 0.04609375