1 0.07734375 0.08828125 0.05390625 0.0640625
1 0.23125 0.159375 0.04765625 0.06015625
0 0.4640625 0.02890625 0.04921875 0.05703125
1 0.5578125 0.14921875 0.04921875 0.06328125
1 0.33125 0.18359375 0.0375 0.04921875
0 0.37890625 0.16796875 0.05390625 0.06640625
0 0.31953125 0.36171875 0.05 0.06328125
0 0.3421875 0.41484375 0.040625 0.04921875
0 0.4125 0.58984375 0.04609375 0.05859375
1 0.57890625 0.50234375 0.0359375 0.03984375
0 0.69296875 0.3046875 0.04765625 0.0484375
1 0.69609375 0.2375 0.05 0.06640625
0 0.928125 0.35234375 0.046875 0.0609375
0 0.990625 0.36875 0.01875 0.06875
1 0.82109375 0.54296875 0.04453125 0.0609375
0 0.63125 0.6734375 0.04453125 0.0578125
0 0.82265625 0.821875 0.04609375 0.06640625
0 0.87265625 0.80703125 0.0484375 0.075
0 0.58203125 0.8578125 0.04453125 0.05859375
0 0.53203125 0.8828125 0.04375 0.05546875
1 0.5171875 0.78046875 0.0546875 0.06875
1 0.490625 0.90078125 0.034375 0.0484375
1 0.5484375 0.825 0.04375 0.0515625
0 0.0921875 0.7609375 0.04765625 0.0609375
0 0.13515625 0.790625 0.04140625 0.05
1 0.159375 0.74296875 0.04375 0.053125
1 0.03203125 0.5953125 0.046875 0.053125