1 0.91171875 0.9234375 0.065625 0.0546875
1 0.840625 0.76796875 0.059375 0.0484375
0 0.971875 0.53359375 0.05625 0.05
1 0.8515625 0.4390625 0.0640625 0.05
1 0.81640625 0.6671875 0.05 0.0375
0 0.83203125 0.61953125 0.0671875 0.0546875
0 0.6375 0.6796875 0.0625 0.05
0 0.58359375 0.65625 0.05 0.040625
0 0.4078125 0.5859375 0.059375 0.046875
1 0.4953125 0.41796875 0.040625 0.0375
0 0.69453125 0.303125 0.05 0.046875
1 0.76171875 0.30078125 0.0671875 0.05
0 0.64609375 0.06640625 0.0609375 0.046875
0 0.6296875 0.00625 0.0703125 0.0125
1 0.4546875 0.17421875 0.0625 0.0453125
0 0.3234375 0.365625 0.0578125 0.04375
0 0.1734375 0.17265625 0.0671875 0.046875
0 0.1890625 0.12265625 0.075 0.0484375
0 0.1375 0.41484375 0.059375 0.0453125
0 0.1125 0.465625 0.05625 0.04375
1 0.21640625 0.48046875 0.06875 0.05625
1 0.0953125 0.50703125 0.0484375 0.034375
1 0.1703125 0.44921875 0.0515625 0.04375
0 0.23515625 0.9078125 0.0625 0.0484375
0 0.20546875 0.8640625 0.05 0.0421875
1 0.253125 0.83984375 0.053125 0.04375
1 0.40234375 0.96796875 0.053125 0.046875