1 0.07109375 0.08125 0.05625 0.0671875
1 0.2328125 0.15546875 0.05 0.0625
0 0.47734375 0.02421875 0.053125 0.0484375
1 0.57578125 0.14453125 0.0515625 0.065625
1 0.3375 0.18046875 0.0390625 0.0515625
0 0.38828125 0.1640625 0.05625 0.0703125
0 0.325 0.36796875 0.053125 0.065625
0 0.34921875 0.4234375 0.04375 0.0515625
0 0.42265625 0.6078125 0.0484375 0.0625
1 0.59765625 0.515625 0.0375 0.040625
0 0.7171875 0.3078125 0.05 0.05
1 0.7203125 0.2375 0.053125 0.06875
0 0.9640625 0.3578125 0.05 0.0640625
1 0.85234375 0.55859375 0.046875 0.0640625
0 0.65234375 0.6953125 0.046875 0.0609375
0 0.85390625 0.8515625 0.0484375 0.0703125
0 0.90546875 0.83515625 0.05 0.078125
0 0.60078125 0.8890625 0.046875 0.0625
0 0.5484375 0.915625 0.046875 0.059375
1 0.5328125 0.80703125 0.0578125 0.071875
1 0.5046875 0.93359375 0.0359375 0.05
1 0.565625 0.8546875 0.046875 0.053125
0 0.0875 0.78671875 0.05 0.0640625
0 0.13203125 0.81875 0.04375 0.053125
1 0.1578125 0.76875 0.046875 0.05625
1 0.02421875 0.6125 0.0484375 0.05625