0 0.92734375 0.53671875 0.0765625 0.059375
0 0.296875 0.37578125 0.065625 0.0515625
0 0.19296875 0.4171875 0.05625 0.0375
0 0.13203125 0.61953125 0.0671875 0.046875
0 0.190625 0.64765625 0.065625 0.046875
0 0.0296875 0.6484375 0.059375 0.059375
0 0.0296875 0.7578125 0.059375 0.04375
0 0.16328125 0.8734375 0.075 0.04375
0 0.14453125 0.825 0.06875 0.05
1 0.03203125 0.8234375 0.0640625 0.0515625
1 0.05234375 0.86796875 0.05625 0.0421875
1 0.0140625 0.87421875 0.028125 0.05
1 0.340625 0.79921875 0.065625 0.046875
1 0.41171875 0.92890625 0.0609375 0.05
0 0.45546875 0.690625 0.0640625 0.05
1 0.3984375 0.66796875 0.05625 0.04375
0 0.30625 0.68046875 0.071875 0.04375
1 0.34609375 0.6390625 0.0625 0.05
1 0.503125 0.60859375 0.071875 0.053125
1 0.5078125 0.6609375 0.059375 0.0421875
0 0.46875 0.4453125 0.0546875 0.05
1 0.50859375 0.4078125 0.0765625 0.0625
1 0.44296875 0.4859375 0.05625 0.040625
0 0.6828125 0.3890625 0.06875 0.046875
0 0.74296875 0.49609375 0.071875 0.05625
1 0.72578125 0.6703125 0.0625 0.0515625
1 0.8125 0.7984375 0.06875 0.05625
1 0.26328125 0.64453125 0.0703125 0.046875
0 0.73203125 0.94140625 0.06875 0.0453125
0 0.73203125 0.9828125 0.08125 0.034375
1 0.825 0.95390625 0.0609375 0.0421875