0 0.21875 0.496875 0.06875 0.046875
0 0.1265625 0.51640625 0.0625 0.053125
0 0.5640625 0.28671875 0.05625 0.046875
0 0.8265625 0.03984375 0.06875 0.046875
0 0.79453125 0.0109375 0.053125 0.021875
1 0.9453125 0.359375 0.0640625 0.053125
1 0.8953125 0.3109375 0.0765625 0.05625
1 0.6109375 0.3296875 0.0609375 0.04375
1 0.62890625 0.2875 0.053125 0.040625
0 0.05546875 0.33984375 0.0453125 0.034375
1 0.03984375 0.38515625 0.053125 0.04375
0 0.43671875 0.09921875 0.0765625 0.05
1 0.40625 0.05078125 0.071875 0.0546875
0 0.15859375 0.10625 0.046875 0.0421875
1 0.11328125 0.13125 0.0578125 0.0359375
1 0.1078125 0.0890625 0.0640625 0.04375