0 0.4984375 0.21015625 0.05 0.0703125
0 0.51875 0.11484375 0.0546875 0.065625
0 0.2796875 0.5703125 0.05 0.0578125
0 0.02421875 0.8453125 0.0484375 0.071875
1 0.35625 0.9671875 0.05625 0.065625
1 0.30546875 0.91484375 0.05625 0.0796875
1 0.325 0.61875 0.04375 0.0625
1 0.28125 0.6375 0.0421875 0.0546875
0 0.33515625 0.040625 0.034375 0.046875
1 0.38359375 0.0265625 0.0453125 0.053125
0 0.08515625 0.4375 0.053125 0.0796875
1 0.03515625 0.40546875 0.05625 0.0734375
0 0.0921875 0.1484375 0.04375 0.05
1 0.11796875 0.10078125 0.0375 0.059375
1 0.075 0.0953125 0.0453125 0.065625