0 0.5046875 0.78984375 0.0453125 0.06484375
0 0.4859375 0.87734375 0.05 0.06015625
0 0.70625 0.45859375 0.0453125 0.053125
0 0.94296875 0.20625 0.04453125 0.065625
0 0.978125 0.2375 0.03515625 0.05
1 0.6359375 0.09296875 0.0515625 0.06171875
1 0.6828125 0.140625 0.053125 0.0734375
1 0.6640625 0.41328125 0.040625 0.05859375
1 0.7046875 0.39609375 0.0390625 0.05078125
0 0.65546875 0.94609375 0.03203125 0.04296875
1 0.61171875 0.9609375 0.040625 0.05078125
0 0.88515625 0.58046875 0.0484375 0.0734375
1 0.93125 0.609375 0.05234375 0.06796875
0 0.87890625 0.846875 0.040625 0.0453125
1 0.8546875 0.890625 0.034375 0.0546875
1 0.8953125 0.89609375 0.0421875 0.0609375