0 0.553125 0.084375 0.05546875 0.071875
0 0.4015625 0.68203125 0.04921875 0.0609375
0 0.440625 0.78046875 0.0359375 0.05234375
0 0.63203125 0.83828125 0.04453125 0.0640625
0 0.65859375 0.7828125 0.04453125 0.06328125
0 0.6609375 0.93984375 0.05546875 0.06328125
0 0.76328125 0.9359375 0.0421875 0.05625
0 0.87265625 0.80859375 0.0421875 0.07109375
0 0.8265625 0.8265625 0.04765625 0.0640625
1 0.82578125 0.93671875 0.0484375 0.06484375
1 0.86796875 0.9140625 0.03984375 0.05234375
1 0.87421875 0.96640625 0.04765625 0.05703125
1 0.80234375 0.640625 0.04375 0.0625
1 0.92578125 0.5734375 0.0484375 0.0578125
0 0.69921875 0.53203125 0.0484375 0.06015625
1 0.678125 0.5859375 0.040625 0.053125
0 0.68984375 0.6734375 0.040625 0.06796875
1 0.65078125 0.63515625 0.04765625 0.059375
1 0.62109375 0.48671875 0.0515625 0.06875
1 0.67109375 0.48203125 0.03984375 0.05546875
0 0.4671875 0.51875 0.0484375 0.0515625
1 0.43125 0.48203125 0.05859375 0.07265625
1 0.50546875 0.54375 0.0390625 0.05390625
0 0.41328125 0.31640625 0.04375 0.065625
0 0.51484375 0.259375 0.05234375 0.06796875
1 0.68046875 0.27578125 0.04921875 0.05859375
1 0.80234375 0.19375 0.053125 0.06484375
1 0.65625 0.7140625 0.0453125 0.0671875
0 0.9375 0.26953125 0.0421875 0.065625
0 0.9796875 0.26953125 0.040625 0.0765625
1 0.94921875 0.18125 0.03984375 0.0578125