0 0.9484375 0.55546875 0.078125 0.059375
0 0.30703125 0.3921875 0.065625 0.053125
0 0.2015625 0.434375 0.05625 0.0375
0 0.1390625 0.640625 0.06875 0.0484375
0 0.1984375 0.66875 0.06875 0.046875
0 0.03203125 0.67109375 0.0640625 0.059375
0 0.034375 0.78125 0.059375 0.0453125
0 0.17109375 0.89921875 0.075 0.0453125
0 0.1515625 0.84921875 0.06875 0.05
1 0.03515625 0.84765625 0.0703125 0.0515625
1 0.0578125 0.89296875 0.05625 0.04375
1 0.01640625 0.89921875 0.0328125 0.053125
1 0.35078125 0.8234375 0.0671875 0.046875
1 0.4234375 0.95546875 0.0625 0.0515625
0 0.46796875 0.7125 0.065625 0.053125
1 0.41015625 0.6890625 0.05625 0.04375
0 0.31640625 0.70234375 0.0734375 0.04375
1 0.35703125 0.66015625 0.0625 0.05
1 0.51640625 0.62890625 0.075 0.05625
1 0.52109375 0.68203125 0.059375 0.04375
0 0.48203125 0.4625 0.05625 0.0515625
1 0.521875 0.42421875 0.078125 0.0625
1 0.4546875 0.5046875 0.0578125 0.0421875
0 0.69921875 0.40546875 0.0703125 0.046875
0 0.7609375 0.5140625 0.0734375 0.05625
1 0.74296875 0.6921875 0.0625 0.053125
1 0.83125 0.82265625 0.06875 0.0578125
1 0.27265625 0.665625 0.071875 0.05
0 0.75 0.96796875 0.0703125 0.0453125
1 0.84609375 0.97890625 0.0609375 0.0421875