0 0.56953125 0.14296875 0.040625 0.05703125
0 0.703125 0.1578125 0.05 0.0640625
0 0.92734375 0.3703125 0.0484375 0.06875
0 0.27734375 0.4046875 0.04375 0.05625
0 0.6453125 0.196875 0.03828125 0.04765625
0 0.62890625 0.253125 0.04609375 0.053125
1 0.6109375 0.1515625 0.04375 0.05546875
1 0.65390625 0.14921875 0.03984375 0.0484375
1 0.7078125 0.0984375 0.03984375 0.046875
1 0.90234375 0.5109375 0.04140625 0.05703125
0 0.7328125 0.415625 0.04375 0.04921875
0 0.50703125 0.54921875 0.053125 0.0671875
0 0.5390625 0.79609375 0.0484375 0.0609375
0 0.38671875 0.54375 0.04375 0.0546875
0 0.35625 0.4953125 0.046875 0.04140625
0 0.3453125 0.57421875 0.04453125 0.04765625
0 0.30625 0.58671875 0.034375 0.04453125
0 0.29765625 0.684375 0.0453125 0.0515625
0 0.27421875 0.628125 0.05 0.0578125
0 0.2625 0.56484375 0.04765625 0.06015625
1 0.31484375 0.52890625 0.04453125 0.05625
0 0.2234375 0.60625 0.04765625 0.06328125
1 0.23828125 0.67265625 0.04453125 0.0546875
0 0.05390625 0.3359375 0.053125 0.05625
0 0.2203125 0.20546875 0.03984375 0.0546875
0 0.1765625 0.24921875 0.0421875 0.05546875
1 0.26171875 0.28203125 0.0421875 0.0609375
1 0.2265625 0.26171875 0.04140625 0.05390625
1 0.17265625 0.1890625 0.046875 0.0546875
0 0.1796875 0.04375 0.0453125 0.05390625
0 0.22265625 0.02734375 0.03828125 0.053125
0 0.27265625 0.0875 0.04453125 0.0625
1 0.2609375 0.03125 0.0375 0.0484375