1 0.10546875 0.02109375 0.06875 0.0421875
0 0.2859375 0.19921875 0.078125 0.0609375
0 0.365625 0.4140625 0.0796875 0.05
0 0.22421875 0.81484375 0.06875 0.059375
1 0.18046875 0.77421875 0.065625 0.053125
0 0.88828125 0.97890625 0.0671875 0.0421875
0 0.8265625 0.96171875 0.0671875 0.0625
0 0.96328125 0.82265625 0.071875 0.05625
0 0.98984375 0.74609375 0.0203125 0.0546875
0 0.825 0.39453125 0.053125 0.0375
1 0.87109375 0.3546875 0.0734375 0.05625
1 0.79765625 0.3515625 0.06875 0.053125
1 0.65234375 0.11484375 0.06875 0.05
0 0.9734375 0.09453125 0.053125 0.05625