1 0.9375 0.9921875 0.0671875 0.015625
0 0.76015625 0.83046875 0.078125 0.059375
0 0.68203125 0.61953125 0.078125 0.05
0 0.82109375 0.2265625 0.06875 0.059375
0 0.75390625 0.01171875 0.0703125 0.0234375
1 0.8640625 0.265625 0.065625 0.053125
0 0.1703125 0.05625 0.065625 0.05625
0 0.23046875 0.08203125 0.065625 0.059375
0 0.0953125 0.21875 0.0703125 0.05625
0 0.04453125 0.29296875 0.071875 0.0546875
0 0.23125 0.6390625 0.053125 0.0375
1 0.1859375 0.67734375 0.071875 0.0546875
1 0.25859375 0.68046875 0.0671875 0.053125
1 0.40078125 0.91328125 0.06875 0.05
0 0.07421875 0.9328125 0.075 0.0546875
1 0.0328125 0.896875 0.065625 0.05
0 0.02734375 0.24609375 0.0546875 0.053125
0 0.0203125 0.7515625 0.040625 0.05625