0 0.58515625 0.9171875 0.059375 0.06875
0 0.66015625 0.43359375 0.0546875 0.071875
0 0.6734375 0.5453125 0.04375 0.05
0 0.5171875 0.41875 0.053125 0.0765625
0 0.471875 0.4234375 0.034375 0.0484375
0 0.690625 0.48359375 0.0609375 0.0734375
0 0.675 0.240625 0.04375 0.071875
0 0.70234375 0.28984375 0.053125 0.0796875
0 0.74140625 0.34609375 0.05625 0.075
0 0.91484375 0.175 0.05625 0.0703125
1 0.78125 0.38203125 0.05625 0.0734375
0 0.315625 0.09765625 0.046875 0.059375
0 0.3234375 0.03515625 0.05625 0.053125
0 0.18828125 0.18671875 0.0484375 0.05625
1 0.1625 0.1515625 0.040625 0.053125
0 0.2 0.31328125 0.059375 0.0765625
1 0.19453125 0.24921875 0.053125 0.0625
0 0.6890625 0.36484375 0.053125 0.0796875