1 0.075 0.884375 0.05 0.0609375
0 0.23984375 0.72265625 0.0546875 0.0703125
0 0.43125 0.6515625 0.04453125 0.07109375
0 0.78984375 0.77734375 0.05390625 0.06171875
0 0.9875 0.71640625 0.025 0.0640625
1 0.75390625 0.81640625 0.04765625 0.05859375
0 0.9453125 0.18515625 0.0515625 0.059375
0 0.92109375 0.23984375 0.05546875 0.06015625
0 0.796875 0.1171875 0.05078125 0.0640625
0 0.7296875 0.07109375 0.05 0.06484375
0 0.4140625 0.240625 0.03359375 0.04765625
1 0.37890625 0.19921875 0.05 0.065625
1 0.3765625 0.265625 0.04765625 0.06171875
1 0.1640625 0.3953125 0.0453125 0.06171875
0 0.14609375 0.09765625 0.05 0.06796875
1 0.18046875 0.059375 0.04609375 0.0625
0 0.77265625 0.0484375 0.05 0.0640625
0 0.3125 0.03359375 0.0515625 0.0671875