0 0.5734375 0.853125 0.04375 0.0625
0 0.71875 0.83671875 0.053125 0.06875
0 0.96171875 0.60546875 0.053125 0.075
0 0.25703125 0.56875 0.046875 0.0609375
0 0.65546875 0.79453125 0.040625 0.053125
0 0.63828125 0.7328125 0.05 0.0578125
1 0.61796875 0.84296875 0.046875 0.059375
1 0.665625 0.84609375 0.04375 0.053125
1 0.7234375 0.90078125 0.04375 0.05
1 0.934375 0.453125 0.0453125 0.0625
0 0.75078125 0.55703125 0.046875 0.053125
0 0.50625 0.41171875 0.0578125 0.071875
0 0.540625 0.14375 0.053125 0.065625
0 0.375 0.41796875 0.046875 0.059375
0 0.34296875 0.46953125 0.05 0.04375
0 0.33046875 0.384375 0.0484375 0.0515625
0 0.28828125 0.37109375 0.0375 0.0484375
0 0.27890625 0.26484375 0.0484375 0.05625
0 0.253125 0.32578125 0.0546875 0.0625
0 0.24140625 0.39453125 0.0515625 0.065625
1 0.29765625 0.4328125 0.0484375 0.0625
0 0.19765625 0.34921875 0.0515625 0.06875
1 0.21484375 0.278125 0.0484375 0.059375
0 0.02109375 0.64375 0.0421875 0.0609375
0 0.19453125 0.78515625 0.04375 0.059375
0 0.14765625 0.73671875 0.046875 0.059375
1 0.23984375 0.7015625 0.046875 0.065625
1 0.2015625 0.72421875 0.0453125 0.059375
1 0.14375 0.80234375 0.05 0.059375
0 0.15078125 0.96015625 0.05 0.0578125
0 0.196875 0.975 0.040625 0.05
0 0.2515625 0.91328125 0.0484375 0.06875
1 0.2375 0.97421875 0.040625 0.0515625