1 0.08359375 0.934375 0.0484375 0.0359375
1 0.02109375 0.08671875 0.0421875 0.0375
1 0.10390625 0.19375 0.071875 0.0578125
1 0.2203125 0.0484375 0.05625 0.0421875
0 0.26171875 0.021875 0.0625 0.04375
0 0.328125 0.0515625 0.0734375 0.046875
0 0.50703125 0.10859375 0.065625 0.046875
1 0.4890625 0.06640625 0.053125 0.0390625
0 0.90625 0.2 0.065625 0.053125
0 0.97109375 0.284375 0.05 0.0375
0 0.93046875 0.32109375 0.0625 0.053125
0 0.73046875 0.49375 0.06875 0.04375
0 0.759375 0.4421875 0.059375 0.0375
1 0.81953125 0.44140625 0.05 0.034375
1 0.7796875 0.521875 0.071875 0.0515625
1 0.8 0.4765625 0.04375 0.034375
0 0.63984375 0.7890625 0.06875 0.053125
0 0.40546875 0.7484375 0.071875 0.053125
0 0.40546875 0.69609375 0.071875 0.053125
0 0.21015625 0.36484375 0.059375 0.046875
0 0.25859375 0.34140625 0.0625 0.05625
0 0.43125 0.33359375 0.065625 0.0453125
1 0.4296875 0.25078125 0.05625 0.04375
1 0.37734375 0.2609375 0.05 0.040625
1 0.4296875 0.290625 0.05625 0.0390625
1 0.38046875 0.31328125 0.04375 0.0375
1 0.346875 0.340625 0.053125 0.0390625
0 0.33984375 0.778125 0.0625 0.053125
0 0.221875 0.74296875 0.06875 0.05
1 0.30234375 0.74453125 0.053125 0.040625
1 0.3578125 0.73125 0.04375 0.040625
0 0.89921875 0.95546875 0.071875 0.05
0 0.96328125 0.97890625 0.046875 0.040625