0 0.95 0.44453125 0.0703125 0.059375
0 0.45234375 0.3671875 0.075 0.05625
0 0.5671875 0.35390625 0.0515625 0.046875
0 0.43671875 0.5140625 0.078125 0.0546875
0 0.4421875 0.56171875 0.05 0.034375
0 0.50390625 0.3359375 0.075 0.0625
0 0.25390625 0.35234375 0.075 0.0453125
0 0.30390625 0.32421875 0.08125 0.053125
0 0.36171875 0.28359375 0.0765625 0.05625
0 0.18515625 0.10546875 0.071875 0.059375
1 0.39921875 0.24296875 0.075 0.0578125
0 0.10625 0.721875 0.0625 0.05
0 0.04140625 0.7140625 0.05625 0.05625
0 0.19765625 0.853125 0.0578125 0.05
1 0.16171875 0.8796875 0.053125 0.0421875
0 0.328125 0.840625 0.078125 0.0609375
1 0.26171875 0.846875 0.065625 0.0546875
0 0.38125 0.33828125 0.08125 0.053125