1 0.9390625 0.075 0.05 0.0375
1 0.990625 0.93203125 0.01875 0.0390625
1 0.91796875 0.82421875 0.0734375 0.0578125
1 0.80078125 0.97109375 0.05625 0.04375
0 0.76015625 0.9875 0.0640625 0.025
0 0.69140625 0.96796875 0.075 0.046875
0 0.51171875 0.9109375 0.065625 0.046875
1 0.52890625 0.953125 0.0546875 0.0390625
0 0.10703125 0.81796875 0.0671875 0.053125
0 0.0421875 0.7328125 0.05 0.0375
0 0.08359375 0.69609375 0.0625 0.0546875
0 0.2859375 0.52109375 0.06875 0.04375
0 0.25625 0.5734375 0.0609375 0.0390625
1 0.1953125 0.57421875 0.05 0.034375
1 0.23515625 0.4921875 0.071875 0.0515625
1 0.215625 0.53828125 0.0453125 0.034375
0 0.3765625 0.22265625 0.06875 0.0546875
0 0.6140625 0.26328125 0.071875 0.053125
0 0.6140625 0.31640625 0.071875 0.053125
0 0.8109375 0.65078125 0.059375 0.046875
0 0.7625 0.675 0.0640625 0.05625
0 0.5875 0.6828125 0.065625 0.0453125
1 0.58984375 0.76640625 0.05625 0.04375
1 0.6421875 0.75625 0.05 0.040625
1 0.58984375 0.7265625 0.0578125 0.040625
1 0.6390625 0.703125 0.04375 0.0390625
1 0.6734375 0.67578125 0.0546875 0.040625
0 0.68046875 0.2328125 0.0625 0.053125
0 0.79921875 0.26875 0.06875 0.05
1 0.71796875 0.2671875 0.053125 0.040625
1 0.66171875 0.28046875 0.04375 0.040625
0 0.11484375 0.05390625 0.0734375 0.0515625
0 0.05 0.03046875 0.046875 0.0421875