0 0.89375 0.63125 0.0640625 0.0453125
0 0.87734375 0.78046875 0.071875 0.05625
0 0.60078125 0.30390625 0.0625 0.0484375
0 0.83359375 0.715625 0.053125 0.04375
0 0.7703125 0.69765625 0.059375 0.0515625
1 0.88359375 0.67734375 0.0625 0.0484375
1 0.88671875 0.72578125 0.053125 0.0453125
1 0.94375 0.78515625 0.053125 0.04375
1 0.4828125 0.98984375 0.0640625 0.0203125
0 0.58828125 0.81328125 0.0546875 0.05
0 0.4390625 0.5609375 0.075 0.059375
0 0.16328125 0.596875 0.06875 0.0546875
0 0.4453125 0.4265625 0.0609375 0.0484375
0 0.49921875 0.39296875 0.046875 0.053125
0 0.41171875 0.38046875 0.053125 0.05
0 0.396875 0.33671875 0.05 0.0375
0 0.2875 0.3265625 0.0578125 0.05
0 0.35078125 0.30078125 0.065625 0.05625
0 0.421875 0.28828125 0.0671875 0.053125
1 0.46171875 0.346875 0.0625 0.05
0 0.375 0.24375 0.0703125 0.053125
1 0.3015625 0.2609375 0.0609375 0.05
0 0.67734375 0.05390625 0.0625 0.059375
0 0.8234375 0.240625 0.0625 0.04375
0 0.77421875 0.19140625 0.0625 0.046875
1 0.7375 0.28671875 0.06875 0.046875
1 0.7609375 0.24765625 0.059375 0.046875
1 0.8421875 0.1875 0.0625 0.053125
0 0.9875 0.19453125 0.025 0.05
0 0.95625 0.29921875 0.0703125 0.05