0 0.58515625 0.08046875 0.05546875 0.06484375
0 0.65703125 0.5390625 0.0515625 0.06953125
0 0.66875 0.4328125 0.0421875 0.04765625
0 0.52109375 0.553125 0.05078125 0.07265625
0 0.47734375 0.5484375 0.0328125 0.0453125
0 0.6859375 0.49140625 0.0578125 0.06953125
0 0.67109375 0.721875 0.0421875 0.06796875
0 0.696875 0.675 0.05 0.075
0 0.73359375 0.621875 0.05234375 0.07109375
0 0.8984375 0.784375 0.05390625 0.06640625
1 0.77109375 0.5875 0.053125 0.0703125
0 0.3296875 0.85703125 0.0453125 0.05703125
0 0.33671875 0.9171875 0.05234375 0.05078125
0 0.209375 0.77265625 0.04609375 0.053125
1 0.184375 0.80625 0.0390625 0.04921875
0 0.2203125 0.653125 0.05546875 0.07265625
1 0.21484375 0.7140625 0.05078125 0.06015625
0 0.68359375 0.60390625 0.04921875 0.07578125