1 0.08203125 0.0890625 0.03515625 0.04765625
1 0.9125 0.02578125 0.0375 0.04765625
1 0.8078125 0.109375 0.05703125 0.07109375
1 0.95 0.2234375 0.04140625 0.0546875
0 0.9765625 0.26328125 0.0421875 0.06171875
0 0.946875 0.32890625 0.04609375 0.071875
0 0.89140625 0.503125 0.0453125 0.06328125
1 0.9328125 0.48671875 0.03828125 0.053125
0 0.8015625 0.89453125 0.0515625 0.06484375
0 0.71875 0.9578125 0.0359375 0.04765625
0 0.68359375 0.91796875 0.053125 0.0609375
0 0.5140625 0.721875 0.04296875 0.06640625
0 0.56484375 0.75078125 0.0375 0.059375
1 0.565625 0.809375 0.03359375 0.0484375
1 0.4859375 0.77109375 0.05 0.0703125
1 0.53046875 0.790625 0.034375 0.04375
0 0.225 0.634375 0.053125 0.06640625
0 0.2640625 0.40390625 0.0515625 0.06953125
0 0.315625 0.40390625 0.05078125 0.06953125
0 0.63984375 0.21328125 0.0453125 0.05703125
0 0.66328125 0.26015625 0.05390625 0.0625
0 0.67109375 0.4296875 0.04453125 0.06328125
1 0.75234375 0.428125 0.0421875 0.0546875
1 0.7421875 0.37734375 0.03984375 0.0484375
1 0.71328125 0.428125 0.03828125 0.05546875
1 0.690625 0.3796875 0.0375 0.0421875
1 0.6640625 0.346875 0.03828125 0.05234375
0 0.23515625 0.33984375 0.05234375 0.06171875
0 0.26953125 0.225 0.0484375 0.06640625
1 0.26875 0.30390625 0.03984375 0.05078125
1 0.28125 0.3578125 0.040625 0.04296875
0 0.06171875 0.88828125 0.05 0.07109375
0 0.03828125 0.95078125 0.040625 0.0453125