0 0.565625 0.28984375 0.05625 0.075
0 0.7296875 0.5125 0.046875 0.0625
0 0.71171875 0.4625 0.0421875 0.046875
1 0.40390625 0.109375 0.046875 0.059375
1 0.8234375 0.734375 0.04375 0.075
0 0.2453125 0.7265625 0.05 0.05625
1 0.253125 0.79296875 0.046875 0.0625
1 0.46875 0.703125 0.059375 0.0546875
0 0.48671875 0.6375 0.05 0.05625
0 0.13359375 0.33046875 0.05 0.059375
1 0.1546875 0.27265625 0.0484375 0.0609375
0 0.1859375 0.525 0.046875 0.065625
1 0.2140625 0.4703125 0.05 0.075
0 0.6828125 0.99375 0.05 0.0125