0 0.56015625 0.7140625 0.053125 0.0734375
0 0.71875 0.4984375 0.04453125 0.0609375
0 0.7015625 0.546875 0.040625 0.04453125
1 0.403125 0.8890625 0.0453125 0.05859375
1 0.809375 0.28359375 0.04375 0.07265625
0 0.4078125 0.01640625 0.046875 0.0328125
0 0.24921875 0.29140625 0.0484375 0.05390625
1 0.25703125 0.2265625 0.0453125 0.0609375
1 0.465625 0.31328125 0.05625 0.053125
0 0.4828125 0.37734375 0.04765625 0.0546875
0 0.14140625 0.675 0.04765625 0.05625
1 0.16171875 0.73046875 0.046875 0.05859375
0 0.1921875 0.4859375 0.0453125 0.06328125
1 0.21953125 0.5390625 0.0484375 0.07265625
0 0.6734375 0.01953125 0.04765625 0.03828125
0 0.71875 0.00625 0.0375 0.0125