0 0.2515625 0.19921875 0.06328125 0.059375
0 0.27265625 0.2578125 0.0578125 0.0703125
1 0.5921875 0.2890625 0.04609375 0.0640625
0 0.88515625 0.29765625 0.04453125 0.06171875
1 0.9171875 0.10078125 0.04140625 0.05625
0 0.575 0.90546875 0.05703125 0.07421875
0 0.26171875 0.52578125 0.04375 0.05546875
0 0.19296875 0.6546875 0.05078125 0.05234375
0 0.18984375 0.72109375 0.05078125 0.06171875
1 0.2421875 0.6390625 0.04453125 0.06484375
1 0.20078125 0.59921875 0.04609375 0.05546875
0 0.9 0.96953125 0.0359375 0.05234375