1 0.5546875 0.72421875 0.078125 0.053125
0 0.0625 0.64296875 0.05625 0.040625
0 0.1859375 0.56328125 0.071875 0.05
0 0.15 0.51015625 0.0625 0.05
0 0.04453125 0.690625 0.0671875 0.05
0 0.96953125 0.50390625 0.0609375 0.0546875
0 0.28671875 0.87265625 0.046875 0.040625
0 0.24453125 0.9046875 0.0578125 0.040625
0 0.09609375 0.840625 0.0625 0.04375
1 0.11640625 0.896875 0.05 0.040625
1 0.0609375 0.91640625 0.05625 0.0484375
0 0.0125 0.353125 0.025 0.04375
1 0.1328125 0.0859375 0.071875 0.05
0 0.45859375 0.63125 0.06875 0.05625
0 0.921875 0.30234375 0.06875 0.053125
0 0.734375 0.2421875 0.0671875 0.05625
0 0.80078125 0.34296875 0.06875 0.05625
0 0.7765625 0.2953125 0.059375 0.0421875
1 0.69296875 0.19921875 0.06875 0.0515625
1 0.74765625 0.18125 0.053125 0.04375
1 0.78046875 0.14765625 0.059375 0.05
0 0.52578125 0.05703125 0.05625 0.0421875
1 0.50234375 0.1109375 0.078125 0.05
1 0.46953125 0.0703125 0.0625 0.05
1 0.44765625 0.38125 0.0609375 0.046875
0 0.26796875 0.34375 0.06875 0.0609375
0 0.32109375 0.18828125 0.065625 0.046875
0 0.2984375 0.13984375 0.059375 0.046875