1 0.54453125 0.72890625 0.08125 0.05625
0 0.0296875 0.64375 0.059375 0.04375
0 0.1578125 0.56015625 0.075 0.053125
0 0.1203125 0.5046875 0.065625 0.053125
0 0.02265625 0.69375 0.0453125 0.053125
0 0.9734375 0.49765625 0.053125 0.05625
0 0.2640625 0.884375 0.05 0.0421875
0 0.21953125 0.9171875 0.0609375 0.0421875
0 0.06484375 0.85078125 0.065625 0.04375
1 0.08515625 0.909375 0.053125 0.04375
1 0.02890625 0.9296875 0.0578125 0.05
1 0.103125 0.0609375 0.075 0.053125
0 0.44453125 0.63125 0.071875 0.059375
0 0.92890625 0.2875 0.071875 0.05625
0 0.7328125 0.22421875 0.0703125 0.0578125
0 0.80234375 0.3296875 0.071875 0.059375
0 0.7765625 0.2796875 0.0609375 0.04375
1 0.68984375 0.1796875 0.071875 0.053125
1 0.746875 0.1609375 0.05625 0.0453125
1 0.78125 0.125 0.0625 0.053125
0 0.51484375 0.03046875 0.059375 0.04375
1 0.48984375 0.08671875 0.0828125 0.053125
1 0.45546875 0.04453125 0.0640625 0.0515625
1 0.4328125 0.36953125 0.0640625 0.05
0 0.24375 0.33046875 0.071875 0.0640625
0 0.3 0.16796875 0.06875 0.0484375
0 0.27578125 0.1171875 0.0609375 0.05