1 0.5953125 0.9265625 0.03828125 0.05390625
1 0.77421875 0.90546875 0.0375 0.053125
1 0.59921875 0.8203125 0.03515625 0.04453125
1 0.38671875 0.80703125 0.046875 0.0640625
0 0.34140625 0.8296875 0.0453125 0.065625
0 0.46640625 0.34921875 0.0453125 0.053125
1 0.509375 0.3359375 0.04609375 0.06015625
1 0.421875 0.08046875 0.04609375 0.0546875
1 0.28828125 0.2453125 0.04296875 0.0578125
1 0.2453125 0.23125 0.0484375 0.05625
1 0.22578125 0.28671875 0.046875 0.05703125
1 0.0953125 0.39921875 0.03359375 0.06796875
0 0.03984375 0.39453125 0.0546875 0.06953125
1 0.0265625 0.284375 0.0421875 0.05390625