1 0.290625 0.4390625 0.0515625 0.07421875
0 0.36875 0.9109375 0.03984375 0.05390625
0 0.44453125 0.79296875 0.04765625 0.06796875
0 0.49609375 0.82734375 0.04765625 0.06015625
0 0.32265625 0.928125 0.04765625 0.06484375
0 0.50234375 0.0390625 0.05234375 0.06484375
0 0.1484375 0.69609375 0.03828125 0.04453125
0 0.11796875 0.73671875 0.03828125 0.05546875
0 0.17890625 0.878125 0.04140625 0.06015625
1 0.12578125 0.859375 0.0390625 0.0484375
1 0.10703125 0.9125 0.04609375 0.053125
0 0.646875 0.9734375 0.04140625 0.05078125
1 0.90234375 0.84296875 0.04921875 0.06796875
0 0.38046875 0.53125 0.05390625 0.065625
0 0.69453125 0.0875 0.0515625 0.06640625
0 0.75234375 0.2671875 0.053125 0.0640625
0 0.65546875 0.20390625 0.05390625 0.06640625
0 0.7015625 0.22734375 0.040625 0.05625
1 0.79296875 0.30703125 0.04921875 0.06484375
1 0.8109375 0.25390625 0.04140625 0.05078125
1 0.84296875 0.22265625 0.04765625 0.05703125
0 0.9296875 0.46640625 0.040625 0.0546875
1 0.878125 0.4890625 0.0484375 0.07578125
1 0.9171875 0.5203125 0.046875 0.05859375
1 0.61953125 0.5421875 0.04609375 0.05859375
0 0.6546875 0.7140625 0.05859375 0.06640625
0 0.80390625 0.66328125 0.04453125 0.0625
0 0.85078125 0.68515625 0.0453125 0.05546875