0 0.56953125 0.93828125 0.04375 0.05234375
0 0.57421875 0.88125 0.05 0.05625
1 0.60390625 0.92109375 0.046875 0.04921875
0 0.19453125 0.615625 0.0453125 0.06171875
0 0.05546875 0.41875 0.0515625 0.06953125
1 0.67890625 0.0765625 0.04609375 0.059375
1 0.828125 0.29296875 0.04921875 0.06796875
1 0.86484375 0.32265625 0.04140625 0.0546875
1 0.86484375 0.38125 0.04609375 0.0578125
0 0.7203125 0.57109375 0.0453125 0.06484375
1 0.8828125 0.5921875 0.040625 0.05625
1 0.91953125 0.575 0.04765625 0.0703125