1 0.94609375 0.4203125 0.05625 0.040625
1 0.9234375 0.2328125 0.05625 0.0390625
1 0.83515625 0.415625 0.046875 0.0375
1 0.82109375 0.63828125 0.0671875 0.05
0 0.8453125 0.68515625 0.06875 0.046875
0 0.34375 0.5546875 0.05625 0.046875
1 0.33046875 0.509375 0.0625 0.0484375
1 0.0640625 0.6015625 0.05625 0.0484375
1 0.23515625 0.740625 0.059375 0.04375
1 0.2203125 0.78515625 0.059375 0.05
1 0.278125 0.80546875 0.059375 0.0484375
1 0.39609375 0.94140625 0.071875 0.0359375
0 0.38984375 0.9859375 0.0734375 0.028125