0 0.9515625 0.5828125 0.06875 0.053125
1 0.99140625 0.19921875 0.015625 0.053125
0 0.571875 0.0140625 0.065625 0.028125
1 0.63984375 0.01796875 0.06875 0.034375
1 0.59765625 0.49921875 0.0625 0.046875
1 0.65390625 0.9359375 0.0703125 0.05
1 0.240625 0.75 0.065625 0.05625
1 0.4671875 0.3109375 0.065625 0.040625
0 0.4328125 0.353125 0.0609375 0.0484375
0 0.3671875 0.35 0.05625 0.04375
0 0.16875 0.2546875 0.053125 0.04375
0 0.15625 0.21171875 0.05625 0.040625
1 0.09765625 0.23125 0.0625 0.04375
1 0.9765625 0.97421875 0.046875 0.04375