1 0.34921875 0.93984375 0.04375 0.059375
1 0.1484375 0.915625 0.0421875 0.059375
1 0.34453125 0.8203125 0.0390625 0.05
1 0.5828125 0.80625 0.053125 0.071875
0 0.6328125 0.83203125 0.05 0.0734375
0 0.49296875 0.29453125 0.05 0.059375
1 0.44453125 0.2796875 0.0515625 0.0671875
1 0.54296875 0.01171875 0.0515625 0.0234375
1 0.6921875 0.17734375 0.0484375 0.065625
1 0.740625 0.16171875 0.053125 0.0625
1 0.76171875 0.2234375 0.053125 0.0640625
1 0.9078125 0.35 0.0375 0.0765625
0 0.96953125 0.34453125 0.059375 0.078125
1 0.98046875 0.22109375 0.0375 0.059375