0 0.5828125 0.09453125 0.05 0.06484375
1 0.21953125 0.034375 0.05 0.0609375
0 0.03125 0.45546875 0.05 0.06171875
1 0.03671875 0.390625 0.05390625 0.065625
1 0.503125 0.43046875 0.04375 0.05859375
1 0.9171875 0.37734375 0.04765625 0.0671875
1 0.740625 0.76875 0.05234375 0.06171875
1 0.32421875 0.55390625 0.0390625 0.06328125
0 0.36484375 0.58671875 0.04609375 0.0578125
0 0.36171875 0.64921875 0.040625 0.0546875
0 0.27109375 0.83671875 0.040625 0.05078125
0 0.23046875 0.8484375 0.0390625 0.05234375
1 0.24921875 0.9046875 0.04140625 0.05859375
1 0.95390625 0.065625 0.040625 0.05703125