0 0.440625 0.72421875 0.0546875 0.075
0 0.278125 0.503125 0.0453125 0.0625
0 0.29609375 0.553125 0.040625 0.0453125
1 0.60078125 0.90234375 0.046875 0.059375
1 0.1859375 0.284375 0.04375 0.075
0 0.5953125 0.0140625 0.046875 0.028125
0 0.7578125 0.2921875 0.05 0.05625
1 0.75 0.22578125 0.046875 0.0625
1 0.5359375 0.31484375 0.0578125 0.0546875
0 0.51875 0.38046875 0.05 0.05625
0 0.86796875 0.68359375 0.05 0.0578125
1 0.846875 0.740625 0.046875 0.059375
0 0.815625 0.49140625 0.046875 0.065625
1 0.78828125 0.5453125 0.05 0.075
0 0.325 0.01640625 0.0484375 0.0328125
0 0.27890625 0.00390625 0.0390625 0.0078125