1 0.73671875 0.12421875 0.0640625 0.05
0 0.9609375 0.0921875 0.071875 0.05
1 0.96484375 0.14375 0.0703125 0.05
0 0.20078125 0.41015625 0.0578125 0.053125
1 0.33359375 0.22890625 0.075 0.046875
1 0.32265625 0.07578125 0.05 0.0359375
1 0.321875 0.03203125 0.071875 0.0484375
1 0.25078125 0.01640625 0.06875 0.0328125
0 0.415625 0.63359375 0.04375 0.0375
0 0.53984375 0.6390625 0.065625 0.046875
1 0.79609375 0.48046875 0.0765625 0.0515625
1 0.65703125 0.64453125 0.059375 0.040625
1 0.38359375 0.6640625 0.0578125 0.0375
0 0.35078125 0.7015625 0.05625 0.0375
1 0.47734375 0.6234375 0.053125 0.040625
1 0.45 0.66015625 0.0390625 0.040625
0 0.29375 0.96796875 0.0671875 0.053125
0 0.16640625 0.75859375 0.0453125 0.0421875
1 0.1109375 0.77734375 0.0671875 0.053125
0 0.0796875 0.728125 0.071875 0.053125
0 0.1375 0.71328125 0.05 0.040625
0 0.03515625 0.98984375 0.0703125 0.0203125