1 0.8421875 0.71171875 0.0484375 0.06171875
0 0.8734375 0.92734375 0.0484375 0.0703125
1 0.825 0.93203125 0.0484375 0.06875
0 0.56875 0.1984375 0.05078125 0.05546875
1 0.74296875 0.32578125 0.04375 0.071875
1 0.8890625 0.315625 0.034375 0.04921875
1 0.93125 0.31484375 0.046875 0.06953125
1 0.9578125 0.246875 0.05234375 0.065625
0 0.3546875 0.4046875 0.03515625 0.04296875
0 0.34921875 0.5234375 0.0453125 0.0625
1 0.5015625 0.76953125 0.05 0.0734375
1 0.34453125 0.6359375 0.03984375 0.05625
1 0.32578125 0.3734375 0.03671875 0.05546875
0 0.28984375 0.3421875 0.03515625 0.053125
1 0.36484375 0.46328125 0.0390625 0.05078125
1 0.3296875 0.4375 0.03828125 0.0375
0 0.03515625 0.2875 0.0515625 0.0640625
0 0.23515625 0.165625 0.040625 0.04296875
1 0.2171875 0.1125 0.05078125 0.0640625
0 0.26484375 0.0828125 0.05078125 0.06953125
0 0.278125 0.13828125 0.03828125 0.04765625
0 0.0109375 0.0390625 0.021875 0.06875