1 0.271875 0.878125 0.065625 0.053125
0 0.03828125 0.91171875 0.075 0.053125
1 0.0359375 0.85859375 0.071875 0.053125
0 0.8296875 0.58203125 0.059375 0.05625
1 0.69140625 0.7703125 0.078125 0.046875
1 0.703125 0.92890625 0.053125 0.0375
1 0.70390625 0.97421875 0.075 0.05
1 0.77734375 0.98671875 0.071875 0.0265625
0 0.60625 0.34921875 0.046875 0.0375
0 0.4765625 0.34375 0.06875 0.05
1 0.21015625 0.50859375 0.0796875 0.053125
1 0.3546875 0.3375 0.0609375 0.04375
1 0.6390625 0.31796875 0.059375 0.040625
0 0.6734375 0.27890625 0.05625 0.0375
1 0.5421875 0.36015625 0.0546875 0.0421875
1 0.5703125 0.321875 0.040625 0.0421875
0 0.7328125 0.01484375 0.0703125 0.0296875
0 0.865625 0.21875 0.046875 0.04375
1 0.92265625 0.2 0.0703125 0.0546875
0 0.95546875 0.2515625 0.075 0.05625
0 0.8953125 0.26640625 0.053125 0.040625