1 0.42890625 0.41328125 0.0625 0.04375
0 0.9546875 0.04765625 0.06875 0.059375
1 0.88984375 0.05390625 0.059375 0.0609375
1 0.9546875 0.40546875 0.0609375 0.04375
1 0.9203125 0.36875 0.0640625 0.046875
0 0.88515625 0.40703125 0.0640625 0.05
0 0.8390625 0.7046875 0.0625 0.05625
1 0.88671875 0.7046875 0.05 0.0421875
1 0.92578125 0.690625 0.05625 0.0453125
1 0.75 0.98125 0.05625 0.0375
0 0.81953125 0.97890625 0.0671875 0.0421875
0 0.47734375 0.97578125 0.075 0.0484375
1 0.53359375 0.959375 0.05 0.0421875
1 0.28046875 0.9890625 0.046875 0.021875
0 0.1 0.9125 0.071875 0.0484375
0 0.05234375 0.88359375 0.05625 0.0421875
1 0.1625 0.02421875 0.0796875 0.0484375
1 0.234375 0.03125 0.0671875 0.05625
1 0.703125 0.5859375 0.05625 0.0375
0 0.215625 0.98828125 0.075 0.0234375
1 0.171875 0.9609375 0.053125 0.046875
1 0.04921875 0.98984375 0.053125 0.0203125
1 0.11875 0.98359375 0.075 0.0328125