0 0.371875 0.07421875 0.06875 0.046875
1 0.48671875 0.3109375 0.06875 0.04375
1 0.77734375 0.5234375 0.059375 0.040625
1 0.8375 0.365625 0.0625 0.05
1 0.96875 0.67265625 0.0625 0.0484375
1 0.7234375 0.92109375 0.0703125 0.0484375
0 0.7859375 0.89765625 0.059375 0.053125
0 0.6234375 0.96875 0.0625 0.0515625
1 0.3734375 0.90703125 0.0640625 0.05
0 0.0609375 0.32109375 0.0609375 0.0453125
0 0.4140625 0.5484375 0.071875 0.05
0 0.2703125 0.61796875 0.05625 0.0453125
0 0.25859375 0.5703125 0.0734375 0.05
0 0.15 0.51796875 0.0609375 0.0421875
0 0.15234375 0.47265625 0.05 0.0421875
0 0.20625 0.49375 0.0515625 0.0375
1 0.20859375 0.44609375 0.059375 0.040625