1 0.203125 0.92109375 0.04375 0.05546875
1 0.28203125 0.7625 0.04765625 0.05546875
1 0.31015625 0.80703125 0.04140625 0.04453125
1 0.16484375 0.6140625 0.0390625 0.05390625
1 0.18515625 0.4890625 0.04296875 0.05078125
0 0.1515625 0.46484375 0.0359375 0.053125
0 0.36875 0.55 0.04921875 0.065625
0 0.05078125 0.08828125 0.04140625 0.04765625
0 0.46328125 0.1515625 0.04765625 0.06640625
1 0.54296875 0.29609375 0.0421875 0.0484375
0 0.5828125 0.8734375 0.04375 0.04609375
0 0.5875 0.5375 0.04296875 0.0640625
0 0.63125 0.53046875 0.04609375 0.059375
0 0.6140625 0.74453125 0.04375 0.05625
1 0.60234375 0.8046875 0.040625 0.04921875
0 0.6203125 0.909375 0.034375 0.0515625
1 0.584375 0.94140625 0.04375 0.05625