0 0.09765625 0.61875 0.04453125 0.065625
1 0.32734375 0.5078125 0.04375 0.06640625
1 0.5328125 0.22578125 0.0390625 0.05703125
1 0.3796875 0.16796875 0.04921875 0.06015625
1 0.678125 0.03984375 0.046875 0.0625
1 0.91796875 0.27890625 0.04765625 0.06796875
0 0.8953125 0.21796875 0.0515625 0.0578125
0 0.9640625 0.375 0.05 0.0609375
1 0.9046875 0.6171875 0.0484375 0.0625
0 0.33671875 0.9203125 0.04375 0.059375
0 0.55703125 0.578125 0.0484375 0.06875
0 0.62421875 0.7171875 0.04375 0.0546875
0 0.578125 0.728125 0.04921875 0.07109375
0 0.528125 0.83359375 0.040625 0.059375
0 0.48359375 0.83125 0.040625 0.0484375
0 0.5046875 0.7796875 0.0359375 0.05
1 0.4578125 0.77734375 0.0390625 0.05625