1 0.0640625 0.8 0.05625 0.0453125
1 0.22734375 0.71875 0.05625 0.05
1 0.18125 0.68984375 0.0453125 0.0421875
1 0.37890625 0.83984375 0.05625 0.040625
1 0.5078125 0.81875 0.053125 0.04375
0 0.5328125 0.853125 0.0546875 0.0375
0 0.4453125 0.6296875 0.06875 0.05
0 0.91953125 0.95703125 0.0484375 0.04375
0 0.8546875 0.53359375 0.06875 0.05
1 0.70625 0.45078125 0.05 0.04375
0 0.1125 0.41015625 0.046875 0.04375
0 0.45859375 0.40546875 0.065625 0.04375
0 0.465625 0.3609375 0.0609375 0.046875
0 0.2453125 0.378125 0.0578125 0.04375
1 0.18359375 0.38984375 0.05 0.0421875
0 0.07578125 0.37109375 0.053125 0.034375
1 0.04375 0.40859375 0.0578125 0.04375