1 0.9546875 0.16875 0.059375 0.046875
1 0.7828125 0.2546875 0.059375 0.0515625
1 0.83125 0.28515625 0.0484375 0.04375
1 0.621875 0.1265625 0.059375 0.0421875
1 0.4859375 0.14921875 0.05625 0.046875
0 0.459375 0.1125 0.0578125 0.0390625
0 0.55234375 0.3484375 0.071875 0.053125
0 0.04921875 0.0125 0.0515625 0.025
0 0.11953125 0.45078125 0.071875 0.0515625
1 0.2765625 0.5375 0.053125 0.046875
0 0.903125 0.58046875 0.05 0.046875
0 0.53828125 0.5859375 0.06875 0.046875
0 0.53125 0.6328125 0.065625 0.05
0 0.76328125 0.6140625 0.0609375 0.046875
1 0.82890625 0.6015625 0.053125 0.04375
0 0.94296875 0.621875 0.05625 0.0375
1 0.97265625 0.58125 0.0546875 0.0484375