0 0.62890625 0.09375 0.0671875 0.0453125
1 0.515625 0.328125 0.06875 0.04375
1 0.22734375 0.53828125 0.059375 0.040625
1 0.16875 0.38203125 0.0625 0.05
1 0.0375 0.68671875 0.0640625 0.046875
1 0.28125 0.93125 0.06875 0.0484375
0 0.21953125 0.90859375 0.059375 0.053125
0 0.37890625 0.9765625 0.0625 0.046875
1 0.62734375 0.91796875 0.0625 0.05
0 0.93671875 0.33828125 0.0609375 0.04375
0 0.5875 0.56328125 0.0703125 0.05
0 0.72890625 0.63203125 0.05625 0.04375
0 0.740625 0.584375 0.071875 0.05
0 0.8484375 0.5328125 0.059375 0.040625
0 0.84609375 0.48828125 0.05 0.040625
0 0.79296875 0.509375 0.05 0.0375
1 0.790625 0.46171875 0.0578125 0.040625