1 0.575 0.57109375 0.040625 0.05703125
0 0.91015625 0.090625 0.05390625 0.0625
1 0.90390625 0.14921875 0.05546875 0.05546875
1 0.5828125 0.08984375 0.040625 0.05546875
1 0.615625 0.121875 0.04375 0.05859375
0 0.58125 0.1546875 0.0453125 0.05859375
0 0.30859375 0.19609375 0.0515625 0.05625
1 0.30859375 0.15234375 0.03828125 0.0453125
1 0.321875 0.11640625 0.04140625 0.05078125
1 0.0546875 0.278125 0.0375 0.0515625
0 0.0515625 0.21484375 0.05078125 0.06171875
0 0.0578125 0.52734375 0.04921875 0.06875
1 0.075 0.47578125 0.03828125 0.04609375
1 0.040625 0.70703125 0.034375 0.0421875
0 0.11796875 0.871875 0.04453125 0.06484375
0 0.1453125 0.915625 0.0375 0.05078125
1 0.9375 0.81484375 0.05546875 0.07265625
1 0.925 0.74921875 0.05078125 0.0609375
1 0.4171875 0.3203125 0.034375 0.05078125
0 0.0390625 0.76640625 0.04296875 0.06875
1 0.0734375 0.80625 0.0421875 0.04921875
1 0.03671875 0.91953125 0.03984375 0.0484375
1 0.04453125 0.85625 0.0484375 0.06796875