1 0.62109375 0.38671875 0.0453125 0.0625
0 0.98046875 0.9203125 0.0390625 0.06875
1 0.9765625 0.85390625 0.046875 0.0625
1 0.62890625 0.91875 0.04375 0.0625
1 0.66640625 0.88359375 0.0484375 0.065625
0 0.628125 0.84765625 0.05 0.065625
0 0.3265625 0.8015625 0.05625 0.0625
1 0.3265625 0.85 0.0421875 0.05
1 0.340625 0.8890625 0.0453125 0.05625
1 0.0453125 0.7109375 0.040625 0.05625
0 0.04296875 0.78125 0.05625 0.06875
0 0.04921875 0.43515625 0.053125 0.075
1 0.06875 0.4921875 0.04375 0.05
1 0.03046875 0.2359375 0.0375 0.046875
0 0.11640625 0.05390625 0.05 0.071875
0 0.1453125 0.0171875 0.040625 0.034375
1 0.9890625 0.19140625 0.021875 0.0671875
1 0.44609375 0.6640625 0.0375 0.05625
0 0.028125 0.1703125 0.046875 0.075
1 0.0671875 0.1265625 0.046875 0.0546875
1 0.025 0.01484375 0.04375 0.0296875
1 0.034375 0.07109375 0.053125 0.075