1 0.83046875 0.18828125 0.0484375 0.059375
1 0.23828125 0.17890625 0.03828125 0.04765625
1 0.34765625 0.34375 0.0515625 0.06640625
1 0.50625 0.33203125 0.05703125 0.0703125
1 0.61640625 0.37578125 0.04375 0.05078125
1 0.86171875 0.62890625 0.0453125 0.05703125
1 0.95625 0.89140625 0.04375 0.05
0 0.78359375 0.9375 0.04140625 0.05390625
1 0.6140625 0.81015625 0.0453125 0.05546875
1 0.5015625 0.68203125 0.0421875 0.0546875
1 0.40078125 0.73515625 0.053125 0.0640625
1 0.27421875 0.85703125 0.0359375 0.04921875
1 0.05859375 0.9453125 0.03828125 0.04609375
1 0.0328125 0.89375 0.04921875 0.06640625
1 0.06796875 0.51796875 0.03515625 0.05234375
1 0.09609375 0.48828125 0.0390625 0.0484375