1 0.846875 0.08828125 0.065625 0.053125
1 0.8578125 0.74296875 0.053125 0.0421875
1 0.675 0.62109375 0.0734375 0.05625
1 0.6875 0.446875 0.078125 0.0625
1 0.63984375 0.325 0.05625 0.0484375
1 0.359375 0.05390625 0.0625 0.05
0 0.02421875 0.140625 0.0484375 0.046875
1 0.159375 0.32734375 0.0625 0.05
1 0.30078125 0.45234375 0.0609375 0.046875
1 0.24296875 0.5625 0.0703125 0.059375
1 0.10703125 0.703125 0.0546875 0.040625
1 0.01796875 0.94140625 0.0359375 0.0421875
1 0.0671875 0.96953125 0.0734375 0.0546875
1 0.4828125 0.93125 0.0578125 0.0375
1 0.51484375 0.89921875 0.053125 0.04375