0 0.4328125 0.08515625 0.05078125 0.0578125
0 0.66015625 0.27890625 0.04296875 0.06796875
0 0.69609375 0.24140625 0.04296875 0.053125
0 0.67421875 0.41015625 0.0421875 0.05
0 0.6484375 0.47734375 0.05 0.0609375
1 0.59375 0.45390625 0.04453125 0.0625
1 0.628125 0.41171875 0.04140625 0.04765625
1 0.76875 0.36875 0.03984375 0.05546875
1 0.78125 0.075 0.03828125 0.05390625
1 0.7375 0.05625 0.03984375 0.059375
1 0.45859375 0.13359375 0.0484375 0.06015625
1 0.028125 0.1875 0.0375 0.05546875
1 0.05859375 0.2359375 0.04453125 0.05859375
1 0.0671875 0.16875 0.03984375 0.05703125
0 0.35546875 0.3 0.04921875 0.0578125
0 0.259375 0.56640625 0.04140625 0.05859375
1 0.29453125 0.596875 0.04453125 0.0609375
1 0.25390625 0.73828125 0.053125 0.065625
1 0.36796875 0.88515625 0.03984375 0.05546875
0 0.28125 0.79453125 0.05078125 0.06875
0 0.2234375 0.97265625 0.046875 0.05390625
0 0.515625 0.93828125 0.0453125 0.05703125
0 0.61640625 0.8390625 0.0421875 0.0609375
1 0.64296875 0.90625 0.05078125 0.0640625
0 0.821875 0.8859375 0.04140625 0.0515625
0 0.83984375 0.9375 0.03828125 0.04921875
1 0.79921875 0.93203125 0.0390625 0.05078125
0 0.89453125 0.78828125 0.046875 0.059375
0 0.87421875 0.72109375 0.04140625 0.0484375
1 0.57734375 0.8078125 0.04140625 0.06015625
0 0.65 0.775 0.0484375 0.05703125
0 0.57265625 0.73984375 0.0578125 0.0671875
0 0.53359375 0.64453125 0.0390625 0.0578125
0 0.58046875 0.62265625 0.04375 0.05546875