1 0.0265625 0.90234375 0.046875 0.053125
1 0.4140625 0.96640625 0.0515625 0.065625
0 0.29140625 0.975 0.046875 0.05
1 0.58828125 0.83203125 0.04375 0.053125
1 0.53359375 0.73515625 0.0515625 0.071875
1 0.69765625 0.6359375 0.04375 0.05
1 0.8953125 0.6390625 0.0359375 0.05
0 0.54609375 0.025 0.053125 0.05
1 0.59140625 0.03203125 0.046875 0.0640625
1 0.79453125 0.16953125 0.046875 0.05
1 0.77109375 0.2265625 0.0546875 0.0625
1 0.35546875 0.034375 0.0375 0.0484375
1 0.38515625 0.01953125 0.0375 0.0390625
1 0.2296875 0.16171875 0.053125 0.065625