0 0.95390625 0.5734375 0.059375 0.053125
0 0.7515625 0.3359375 0.071875 0.0453125
0 0.790625 0.2984375 0.05625 0.04375
0 0.6140625 0.32109375 0.0515625 0.04375
0 0.54453125 0.3484375 0.0640625 0.053125
1 0.56875 0.40546875 0.065625 0.046875
1 0.6125 0.36953125 0.05 0.04375
1 0.6578125 0.2234375 0.0578125 0.0421875
1 0.9640625 0.209375 0.05625 0.040625
1 0.9765625 0.25546875 0.046875 0.040625
1 0.903125 0.546875 0.0625 0.05
1 0.84765625 0.98828125 0.0578125 0.0234375
1 0.79609375 0.9640625 0.0609375 0.046875
1 0.86640625 0.95546875 0.059375 0.0421875
0 0.7296875 0.6546875 0.059375 0.0515625
0 0.4515625 0.75390625 0.0625 0.04375
1 0.41953125 0.7171875 0.0640625 0.046875
1 0.271875 0.7609375 0.06875 0.05625
1 0.11875 0.64140625 0.0578125 0.0421875
0 0.21328125 0.73203125 0.071875 0.053125
0 0.028125 0.79296875 0.05625 0.05
0 0.06328125 0.4875 0.059375 0.046875
0 0.16640625 0.38125 0.0640625 0.04375
1 0.09609375 0.35390625 0.0671875 0.053125
0 0.11796875 0.1671875 0.053125 0.04375
0 0.0640625 0.1484375 0.0515625 0.040625
1 0.0703125 0.19140625 0.053125 0.040625
0 0.21953125 0.09140625 0.0625 0.05
0 0.28984375 0.1125 0.05 0.04375
1 0.19921875 0.42265625 0.0625 0.04375
0 0.23359375 0.346875 0.059375 0.05
0 0.27109375 0.42734375 0.0703125 0.059375
0 0.36953125 0.46796875 0.059375 0.040625
0 0.3921875 0.41953125 0.0578125 0.0453125