0 0.928125 0.621875 0.0640625 0.05625
0 0.7140625 0.3703125 0.075 0.046875
0 0.7546875 0.33125 0.059375 0.046875
0 0.56796875 0.3546875 0.0546875 0.046875
0 0.49375 0.38359375 0.0671875 0.05625
1 0.51953125 0.44375 0.06875 0.05
1 0.56640625 0.40625 0.053125 0.046875
1 0.6140625 0.25078125 0.0609375 0.04375
1 0.9390625 0.23671875 0.059375 0.04375
1 0.959375 0.284375 0.065625 0.04375
1 0.87421875 0.59375 0.0671875 0.053125
0 0.68984375 0.7078125 0.0640625 0.0546875
0 0.3953125 0.81328125 0.065625 0.0453125
1 0.36171875 0.77421875 0.06875 0.05
1 0.20546875 0.81953125 0.071875 0.0578125
1 0.04296875 0.69375 0.0609375 0.04375
0 0.14296875 0.78984375 0.075 0.05625
0 0.00859375 0.53125 0.0171875 0.05
0 0.09375 0.41875 0.06875 0.046875
1 0.028125 0.390625 0.05625 0.05625
0 0.0421875 0.19140625 0.05625 0.0453125
0 0.00625 0.17265625 0.0125 0.0421875
1 0.01015625 0.21796875 0.01875 0.04375
0 0.15 0.1109375 0.065625 0.0515625
0 0.22421875 0.134375 0.053125 0.046875
1 0.128125 0.4625 0.065625 0.0453125
0 0.16484375 0.38125 0.0625 0.053125
0 0.20390625 0.4671875 0.075 0.0625
0 0.30859375 0.51015625 0.0640625 0.04375
0 0.3328125 0.45859375 0.0625 0.0484375