1 0.0859375 0.11953125 0.04296875 0.04921875
1 0.44921875 0.059375 0.0484375 0.0609375
0 0.334375 0.04921875 0.04296875 0.05390625
1 0.6125 0.18515625 0.040625 0.05
1 0.56171875 0.2765625 0.0484375 0.06640625
1 0.71484375 0.36953125 0.03984375 0.04765625
1 0.90078125 0.36640625 0.03359375 0.04765625
0 0.5734375 0.9515625 0.05 0.065625
1 0.615625 0.9359375 0.04375 0.06015625
1 0.80625 0.80703125 0.04296875 0.04609375
1 0.78359375 0.75390625 0.0515625 0.05859375
1 0.39375 0.93359375 0.03515625 0.0453125
1 0.421875 0.95703125 0.03515625 0.05390625
1 0.27578125 0.8140625 0.05078125 0.06171875