1 0.1359375 0.87890625 0.065625 0.053125
1 0.12578125 0.215625 0.053125 0.04375
1 0.31015625 0.33828125 0.075 0.05625
1 0.296875 0.515625 0.078125 0.0625
1 0.34609375 0.6390625 0.05625 0.05
1 0.6296875 0.91328125 0.0640625 0.05
0 0.971875 0.82578125 0.05625 0.046875
1 0.83203125 0.63671875 0.0625 0.0515625
1 0.68828125 0.51015625 0.0609375 0.046875
1 0.74765625 0.3984375 0.071875 0.059375
1 0.884375 0.25546875 0.0546875 0.040625
1 0.978125 0.01796875 0.04375 0.0359375
1 0.92421875 0.00625 0.0734375 0.0125
1 0.5046875 0.025 0.059375 0.0390625
1 0.471875 0.05703125 0.053125 0.04375