1 0.28203125 0.99296875 0.0640625 0.0140625
1 0.053125 0.96640625 0.06875 0.053125
1 0.21328125 0.0484375 0.0765625 0.0546875
0 0.07265625 0.0125 0.075 0.025
1 0.14921875 0.334375 0.0625 0.046875
0 0.20625 0.490625 0.0671875 0.0578125
0 0.1390625 0.49140625 0.0546875 0.0421875
1 0.16171875 0.53359375 0.0578125 0.046875
0 0.31953125 0.67265625 0.0703125 0.053125
1 0.61796875 0.54765625 0.0640625 0.04375
1 0.99296875 0.64453125 0.0140625 0.0421875
0 0.9640625 0.6765625 0.05625 0.04375
1 0.86484375 0.59453125 0.053125 0.034375
0 0.46640625 0.32109375 0.0484375 0.0375
0 0.50078125 0.35859375 0.0625 0.0453125
0 0.54296875 0.1015625 0.0546875 0.04375
1 0.50078125 0.07421875 0.065625 0.04375
1 0.33671875 0.45703125 0.06875 0.0625
1 0.296875 0.58515625 0.0546875 0.046875
0 0.26171875 0.6515625 0.059375 0.040625
1 0.2 0.6484375 0.059375 0.0390625
1 0.0859375 0.84921875 0.053125 0.0390625