1 0.0265625 0.71953125 0.05 0.0625
1 0.06953125 0.93828125 0.05 0.065625
1 0.94375 0.78515625 0.0515625 0.071875
0 0.98359375 0.91875 0.0328125 0.071875
1 0.671875 0.846875 0.04375 0.059375
0 0.5234375 0.7921875 0.05625 0.0640625
0 0.52265625 0.85625 0.040625 0.053125
1 0.4828125 0.834375 0.04375 0.05625
0 0.34921875 0.684375 0.05 0.065625
1 0.46953125 0.40078125 0.0421875 0.0609375
1 0.378125 0.0265625 0.040625 0.04375
0 0.34609375 0.07109375 0.0421875 0.053125
1 0.42421875 0.165625 0.034375 0.05
0 0.684375 0.54453125 0.0359375 0.046875
0 0.64921875 0.51171875 0.04375 0.059375
0 0.89375 0.471875 0.040625 0.053125
1 0.91953125 0.51171875 0.04375 0.0625
1 0.55546875 0.66796875 0.059375 0.065625
1 0.43359375 0.70546875 0.0453125 0.053125
0 0.36953125 0.7390625 0.040625 0.05625
1 0.37265625 0.7984375 0.0375 0.05625
1 0.18125 0.90625 0.0375 0.05