1 0.0296875 0.28125 0.04921875 0.0609375
1 0.071875 0.065625 0.05 0.065625
1 0.93671875 0.21640625 0.0515625 0.071875
0 0.9796875 0.084375 0.040625 0.07109375
1 0.6671875 0.15546875 0.04296875 0.05859375
0 0.52109375 0.209375 0.0546875 0.06328125
0 0.51953125 0.146875 0.03984375 0.0515625
1 0.48046875 0.16796875 0.04375 0.0546875
0 0.3484375 0.31640625 0.05 0.065625
1 0.4671875 0.59765625 0.0421875 0.06015625
1 0.37734375 0.9671875 0.040625 0.04375
0 0.3453125 0.9234375 0.04140625 0.053125
1 0.42265625 0.8296875 0.03359375 0.04921875
0 0.68046875 0.4546875 0.0359375 0.04609375
0 0.64453125 0.4875 0.04296875 0.0578125
0 0.8875 0.5265625 0.04140625 0.0515625
1 0.91328125 0.4875 0.0421875 0.0609375
1 0.55234375 0.3328125 0.059375 0.06484375
1 0.43203125 0.2953125 0.04453125 0.0515625
0 0.36875 0.2625 0.0390625 0.05546875
1 0.371875 0.20390625 0.03671875 0.05625
1 0.18203125 0.096875 0.03671875 0.05078125