0 0.28125 0.8296875 0.046875 0.0578125
0 0.0203125 0.71875 0.040625 0.059375
1 0.20546875 0.584375 0.0453125 0.059375
1 0.22890625 0.36640625 0.046875 0.0625
0 0.5953125 0.465625 0.053125 0.071875
0 0.44453125 0.3609375 0.053125 0.065625
0 0.4875 0.0515625 0.040625 0.059375
1 0.52890625 0.0625 0.0421875 0.0609375
1 0.08359375 0.11015625 0.0421875 0.053125
0 0.8046875 0.39609375 0.059375 0.065625
0 0.8359375 0.346875 0.053125 0.065625
0 0.853125 0.29140625 0.05 0.0546875
1 0.67890625 0.68125 0.0484375 0.059375
1 0.64921875 0.84375 0.05 0.05625