0 0.290625 0.1671875 0.0453125 0.05625
0 0.0328125 0.2765625 0.0453125 0.0578125
1 0.21640625 0.40625 0.04453125 0.0578125
1 0.2390625 0.61875 0.04453125 0.06171875
0 0.5953125 0.521875 0.05234375 0.0703125
0 0.44921875 0.6234375 0.053125 0.06484375
0 0.490625 0.925 0.0390625 0.0578125
1 0.53125 0.9140625 0.04140625 0.059375
1 0.0984375 0.86796875 0.04140625 0.05078125
0 0.8 0.58984375 0.0578125 0.06484375
0 0.83046875 0.6375 0.05234375 0.06328125
0 0.846875 0.69140625 0.04765625 0.05390625
1 0.67734375 0.3125 0.046875 0.05703125
1 0.6484375 0.15390625 0.05 0.05546875