0 0.8875 0.76015625 0.0609375 0.05
1 0.6265625 0.84140625 0.0625 0.0484375
1 0.39453125 0.81640625 0.0671875 0.0484375
0 0.5 0.42734375 0.078125 0.05625
0 0.3890625 0.5875 0.071875 0.0578125
0 0.059375 0.5421875 0.0625 0.0421875
1 0.07109375 0.49765625 0.065625 0.0453125
1 0.121875 0.9703125 0.05625 0.0453125
0 0.42578125 0.2046875 0.071875 0.0625
0 0.3734375 0.17109375 0.06875 0.05625
0 0.3140625 0.15234375 0.059375 0.053125
1 0.7296875 0.33828125 0.0625 0.0515625
1 0.90234375 0.36953125 0.0609375 0.053125