1 0.0421875 0.2203125 0.03671875 0.04921875
1 0.18046875 0.81015625 0.0453125 0.065625
1 0.1671875 0.928125 0.03828125 0.05078125
0 0.60546875 0.4890625 0.046875 0.0625
0 0.42109375 0.3203125 0.04765625 0.05546875
0 0.24375 0.5328125 0.046875 0.05859375
0 0.04140625 0.01484375 0.0390625 0.02890625
0 0.084375 0.11875 0.03359375 0.0375
1 0.253125 0.06953125 0.04375 0.0578125
0 0.30390625 0.025 0.0484375 0.05
0 0.33359375 0.0953125 0.05546875 0.06640625
1 0.50703125 0.0875 0.04921875 0.046875
0 0.65625 0.0796875 0.046875 0.04375
0 0.60703125 0.0671875 0.05 0.065625
1 0.71171875 0.09140625 0.05078125 0.0703125
1 0.6796875 0.13203125 0.03359375 0.046875
1 0.6640625 0.18359375 0.05078125 0.0578125
1 0.234375 0.59296875 0.03515625 0.04921875
1 0.4 0.58984375 0.046875 0.06796875
0 0.27265625 0.58203125 0.05 0.065625