1 0.55 0.0796875 0.05546875 0.071875
1 0.5703125 0.52109375 0.046875 0.06171875
1 0.75078125 0.51015625 0.040625 0.053125
1 0.79296875 0.49375 0.03984375 0.06171875
1 0.78515625 0.56328125 0.04296875 0.0546875
1 0.8203125 0.5421875 0.02734375 0.04375
1 0.40625 0.7 0.0421875 0.04453125
0 0.43984375 0.80234375 0.04453125 0.0546875
0 0.40859375 0.75 0.0390625 0.04296875
0 0.23984375 0.66953125 0.03984375 0.0546875
1 0.27734375 0.71640625 0.040625 0.05390625
1 0.2796875 0.63046875 0.0484375 0.059375
1 0.453125 0.734375 0.0421875 0.05625