1 0.9328125 0.4546875 0.075 0.05625
1 0.4796875 0.43359375 0.0625 0.0484375
1 0.490625 0.2484375 0.053125 0.0421875
1 0.50703125 0.2046875 0.0625 0.040625
1 0.4359375 0.21328125 0.05625 0.04375
1 0.4578125 0.1765625 0.04375 0.028125
1 0.29609375 0.60234375 0.046875 0.04375
0 0.18984375 0.5671875 0.05625 0.046875
0 0.24375 0.6 0.04375 0.040625
0 0.3265625 0.77265625 0.05625 0.040625
1 0.27890625 0.734375 0.05625 0.040625
1 0.3671875 0.73203125 0.0609375 0.05
1 0.26015625 0.55390625 0.059375 0.04375