1 0.9953125 0.190625 0.009375 0.053125
1 0.8609375 0.82734375 0.0484375 0.071875
1 0.875 0.95546875 0.040625 0.05625
0 0.40234375 0.48125 0.05 0.0671875
0 0.6015625 0.29921875 0.0515625 0.059375
0 0.79296875 0.52890625 0.05 0.0625
0 0.96484375 0.08203125 0.0375 0.040625
1 0.7828125 0.0296875 0.046875 0.059375
0 0.6953125 0.05625 0.059375 0.071875
1 0.50859375 0.0484375 0.053125 0.05
0 0.34765625 0.03984375 0.05 0.046875
0 0.40078125 0.03046875 0.053125 0.0609375
1 0.2875 0.05234375 0.05625 0.075
1 0.321875 0.096875 0.0359375 0.05
1 0.3390625 0.15234375 0.0546875 0.0625
1 0.803125 0.59375 0.0375 0.053125
1 0.62421875 0.58984375 0.05 0.0734375
0 0.7609375 0.58203125 0.0546875 0.0703125