1 0.075 0.4484375 0.071875 0.05625
1 0.51953125 0.428125 0.0625 0.046875
1 0.50859375 0.24609375 0.053125 0.040625
1 0.4921875 0.203125 0.0625 0.040625
1 0.56171875 0.21171875 0.05625 0.04375
1 0.540625 0.1765625 0.04375 0.028125
1 0.69921875 0.59296875 0.0453125 0.0421875
0 0.80234375 0.55859375 0.05625 0.04375
0 0.75 0.590625 0.04375 0.0390625
0 0.66875 0.76015625 0.05625 0.040625
1 0.715625 0.72265625 0.053125 0.040625
1 0.62890625 0.7203125 0.059375 0.0484375
1 0.73359375 0.5453125 0.05625 0.0421875