1 0.18203125 0.0328125 0.0515625 0.0390625
1 0.8015625 0.17734375 0.06875 0.046875
1 0.92578125 0.1640625 0.053125 0.040625
0 0.4640625 0.6234375 0.065625 0.05
0 0.2875 0.43046875 0.059375 0.05
0 0.5109375 0.24453125 0.0625 0.05
0 0.07578125 0.0765625 0.0390625 0.0359375
1 0.0265625 0.253125 0.053125 0.046875
0 0.05078125 0.3390625 0.06875 0.0578125
1 0.04296875 0.5203125 0.05 0.0515625
0 0.034375 0.67734375 0.046875 0.0484375
0 0.02734375 0.62578125 0.0546875 0.0515625
1 0.046875 0.73515625 0.0734375 0.053125
1 0.08984375 0.70234375 0.05 0.034375
1 0.14375 0.68515625 0.059375 0.053125
1 0.5734375 0.234375 0.0515625 0.0375
1 0.5703125 0.4078125 0.071875 0.05
0 0.56171875 0.275 0.06875 0.053125