1 0.17265625 0.91015625 0.059375 0.078125
0 0.20078125 0.8609375 0.04375 0.0578125
0 0.92265625 0.7515625 0.046875 0.065625
1 0.98046875 0.0375 0.0390625 0.05625
0 0.95859375 0.0078125 0.04375 0.015625
0 0.728125 0.028125 0.053125 0.05625
1 0.7484375 0.08671875 0.05 0.0734375
1 0.7046875 0.078125 0.0390625 0.053125
1 0.62421875 0.1234375 0.040625 0.04375
0 0.49609375 0.3953125 0.0375 0.05
0 0.4640625 0.3734375 0.0375 0.0578125
1 0.18515625 0.375 0.05 0.0625
1 0.05859375 0.10859375 0.046875 0.065625