1 0.81953125 0.12734375 0.05390625 0.0703125
0 0.79453125 0.17109375 0.03984375 0.05234375
0 0.14140625 0.2703125 0.04296875 0.059375
1 0.0859375 0.9171875 0.04296875 0.05078125
0 0.109375 0.965625 0.040625 0.05625
0 0.31875 0.93203125 0.0484375 0.0625
1 0.2984375 0.87109375 0.04453125 0.06640625
1 0.33828125 0.8796875 0.03515625 0.04765625
1 0.4109375 0.83828125 0.03671875 0.0390625
0 0.5265625 0.59296875 0.034375 0.0453125
0 0.55625 0.6125 0.034375 0.05234375
1 0.8078125 0.6109375 0.04609375 0.05703125
1 0.92265625 0.85234375 0.0421875 0.06015625