1 0.04296875 0.6609375 0.0453125 0.0625
1 0.2484375 0.40703125 0.04140625 0.05625
0 0.18515625 0.1703125 0.053125 0.06796875
1 0.50546875 0.11796875 0.05 0.0703125
0 0.86171875 0.02109375 0.059375 0.0421875
0 0.79375 0.4734375 0.04140625 0.0609375
0 0.83515625 0.471875 0.03671875 0.04296875
1 0.81953125 0.5875 0.04609375 0.06484375
1 0.778125 0.54140625 0.03828125 0.05234375
1 0.59765625 0.5921875 0.0390625 0.0578125
1 0.6140625 0.41171875 0.04375 0.05859375
0 0.48125 0.3046875 0.053125 0.07109375