1 0.27578125 0.2125 0.0515625 0.071875
0 0.409375 0.3140625 0.05625 0.071875
0 0.68125 0.471875 0.05 0.06875
1 0.55078125 0.453125 0.046875 0.065625
0 0.3296875 0.68671875 0.046875 0.0640625
0 0.221875 0.63046875 0.053125 0.0640625
0 0.2 0.696875 0.05 0.0734375
0 0.09453125 0.85703125 0.0609375 0.0765625
0 0.14609375 0.8421875 0.0453125 0.065625
1 0.23359375 0.7546875 0.0484375 0.0625
1 0.28984375 0.7390625 0.04375 0.059375
1 0.25234375 0.68671875 0.0453125 0.059375
1 0.29296875 0.6390625 0.0609375 0.0796875
1 0.49375 0.9375 0.0390625 0.05625
0 0.91015625 0.6015625 0.0578125 0.065625
0 0.95546875 0.709375 0.053125 0.06875
0 0.78046875 0.815625 0.059375 0.0703125
0 0.78828125 0.89609375 0.059375 0.0796875
0 0.8421875 0.875 0.0453125 0.065625