1 0.83046875 0.1 0.05625 0.071875
0 0.80390625 0.1453125 0.040625 0.053125
0 0.1296875 0.2484375 0.04375 0.0609375
1 0.07265625 0.915625 0.04375 0.053125
0 0.09609375 0.965625 0.0421875 0.0578125
0 0.3125 0.93046875 0.05 0.0640625
1 0.2921875 0.86796875 0.046875 0.06875
1 0.33359375 0.8765625 0.0359375 0.05
1 0.4078125 0.834375 0.0375 0.040625
0 0.528125 0.58046875 0.034375 0.046875
0 0.5578125 0.60078125 0.0359375 0.053125
1 0.81796875 0.59921875 0.046875 0.059375
1 0.93671875 0.8484375 0.04375 0.0625