1 0.1828125 0.28046875 0.06875 0.05
0 0.28125 0.41015625 0.0703125 0.0546875
0 0.434375 0.675 0.0671875 0.0484375
1 0.4171875 0.54765625 0.065625 0.046875
0 0.64375 0.3328125 0.0625 0.046875
0 0.58828125 0.228125 0.0625 0.053125
0 0.653125 0.20703125 0.071875 0.05
0 0.80859375 0.10390625 0.075 0.059375
0 0.79375 0.1546875 0.065625 0.04375
1 0.709375 0.23984375 0.0609375 0.046875
1 0.69453125 0.29453125 0.059375 0.0421875
1 0.64296875 0.2578125 0.0578125 0.04375
1 0.59765625 0.29765625 0.078125 0.059375
1 0.88671875 0.4921875 0.053125 0.0375
0 0.56015625 0.896875 0.0625 0.05625
0 0.665625 0.940625 0.065625 0.0515625
0 0.76875 0.7703125 0.06875 0.059375
0 0.846875 0.778125 0.078125 0.059375
0 0.82578125 0.83046875 0.0625 0.04375
1 0.97578125 0.99453125 0.0484375 0.0109375