1 0.2703125 0.775 0.046875 0.0640625
0 0.390625 0.6828125 0.05078125 0.065625
0 0.63671875 0.53984375 0.0453125 0.0625
1 0.51875 0.55625 0.04296875 0.06015625
0 0.31875 0.3453125 0.04296875 0.0578125
0 0.22109375 0.396875 0.0484375 0.0578125
0 0.2015625 0.33671875 0.04609375 0.06640625
0 0.10546875 0.19140625 0.0546875 0.06953125
0 0.15234375 0.20546875 0.040625 0.06015625
1 0.23203125 0.284375 0.04375 0.05625
1 0.2828125 0.2984375 0.03984375 0.0546875
1 0.24921875 0.34609375 0.040625 0.05390625
1 0.2859375 0.38828125 0.0546875 0.071875
1 0.46640625 0.11875 0.0359375 0.05
0 0.84375 0.4234375 0.05234375 0.059375
0 0.884375 0.325 0.04765625 0.0609375
0 0.72578125 0.22890625 0.0546875 0.0640625
0 0.73359375 0.15625 0.0546875 0.071875
0 0.78203125 0.17578125 0.040625 0.05859375
1 0.9484375 0.0328125 0.03671875 0.05390625