1 0.153125 0.56484375 0.034375 0.05
1 0.19609375 0.22421875 0.04375 0.0546875
0 0.8296875 0.121875 0.0453125 0.0515625
1 0.83984375 0.1734375 0.040625 0.05
1 0.86875 0.2078125 0.0375 0.0421875
0 0.7953125 0.77109375 0.053125 0.065625
0 0.8453125 0.765625 0.04375 0.0625
0 0.884375 0.25390625 0.04375 0.05
1 0.896875 0.31875 0.05 0.078125
1 0.94453125 0.3328125 0.04375 0.065625
1 0.93203125 0.40546875 0.046875 0.05
0 0.91328125 0.37421875 0.0265625 0.03125
1 0.73125 0.76796875 0.04375 0.0609375
1 0.8296875 0.81953125 0.0453125 0.05
1 0.56484375 0.4875 0.04375 0.05