1 0.153125 0.4359375 0.034375 0.0484375
1 0.196875 0.77421875 0.04375 0.05390625
0 0.82578125 0.87578125 0.0453125 0.0515625
1 0.83671875 0.825 0.040625 0.05
1 0.86484375 0.790625 0.0375 0.0421875
0 0.79140625 0.23046875 0.0515625 0.06484375
0 0.8421875 0.2359375 0.04453125 0.0609375
0 0.88046875 0.74453125 0.04296875 0.05
1 0.89296875 0.6796875 0.05078125 0.0765625
1 0.940625 0.665625 0.04375 0.06484375
1 0.92734375 0.59375 0.04765625 0.05
0 0.909375 0.625 0.0265625 0.0296875
1 0.728125 0.23359375 0.04296875 0.06015625
1 0.82578125 0.1828125 0.04453125 0.05
1 0.5625 0.5125 0.0421875 0.04921875