1 0.5796875 0.87578125 0.05 0.0359375
1 0.228125 0.83125 0.05625 0.0453125
0 0.12265625 0.178125 0.053125 0.046875
1 0.17578125 0.1671875 0.0515625 0.0421875
1 0.2109375 0.1375 0.04375 0.0390625
0 0.79296875 0.2140625 0.0671875 0.053125
0 0.7875 0.16171875 0.0625 0.046875
0 0.25859375 0.121875 0.0515625 0.04375
1 0.32578125 0.10859375 0.0796875 0.053125
1 0.340625 0.059375 0.0671875 0.0453125
1 0.415625 0.07265625 0.0515625 0.05
0 0.3828125 0.09140625 0.03125 0.028125
1 0.78984375 0.2796875 0.0625 0.04375
1 0.84296875 0.178125 0.0515625 0.046875
1 0.5 0.45078125 0.0515625 0.04375