1 0.6640625 0.196875 0.05 0.04375
1 0.7171875 0.471875 0.06875 0.05
1 0.921875 0.4484375 0.071875 0.05
0 0.86484375 0.95 0.053125 0.0375
0 0.70703125 0.828125 0.0625 0.0546875
0 0.53671875 0.87578125 0.075 0.0546875
1 0.64921875 0.84296875 0.05625 0.046875
1 0.590625 0.84296875 0.05 0.0421875
0 0.4703125 0.71875 0.06875 0.05
0 0.22265625 0.72421875 0.071875 0.046875
1 0.2671875 0.6828125 0.0625 0.05
1 0.18046875 0.50546875 0.0640625 0.05
1 0.11875 0.26953125 0.075 0.053125
0 0.27265625 0.98359375 0.0609375 0.0328125
0 0.2640625 0.94140625 0.0625 0.053125
1 0.340625 0.9390625 0.0625 0.046875
0 0.375 0.89921875 0.0625 0.0546875
1 0.3171875 0.87578125 0.0625 0.0515625