1 0.19609375 0.340625 0.0421875 0.0484375
1 0.465625 0.28828125 0.05 0.06640625
1 0.44296875 0.08828125 0.05 0.07109375
0 0.93359375 0.14375 0.0375 0.053125
0 0.81484375 0.2984375 0.053125 0.0609375
0 0.8609375 0.465625 0.053125 0.07421875
1 0.82890625 0.3546875 0.0453125 0.05546875
1 0.82890625 0.4125 0.04140625 0.04921875
0 0.7078125 0.53046875 0.04921875 0.06640625
0 0.7125 0.77265625 0.04609375 0.06953125
1 0.671875 0.72890625 0.05 0.06171875
1 0.4984375 0.8140625 0.0484375 0.0625
1 0.2671875 0.87421875 0.05234375 0.07265625
0 0.97578125 0.72421875 0.0484375 0.06015625
0 0.92578125 0.73203125 0.0515625 0.06171875
1 0.9234375 0.65703125 0.04609375 0.0625
0 0.884375 0.6234375 0.05390625 0.0609375
1 0.8609375 0.6796875 0.05078125 0.0609375