1 0.67578125 0.85390625 0.053125 0.046875
1 0.73359375 0.55625 0.0734375 0.05625
1 0.9546875 0.58125 0.078125 0.0546875
0 0.89296875 0.0390625 0.059375 0.040625
0 0.721875 0.1703125 0.0671875 0.059375
0 0.5375 0.11875 0.08125 0.059375
1 0.659375 0.1546875 0.0609375 0.05
1 0.59609375 0.1546875 0.0546875 0.046875
0 0.465625 0.28828125 0.0734375 0.0546875
0 0.196875 0.2828125 0.078125 0.05
1 0.2453125 0.328125 0.06875 0.0546875
1 0.1515625 0.5203125 0.06875 0.053125
1 0.084375 0.775 0.08125 0.0578125
0 0.2515625 0.009375 0.065625 0.01875
0 0.2421875 0.04765625 0.06875 0.05625
1 0.325 0.05 0.06875 0.0515625
0 0.3625 0.09296875 0.06875 0.059375
1 0.3 0.11875 0.0671875 0.05625